6.109567577134902283e-01
8.383559407977050348e-01
7.527395079305621017e-01
7.102082723485623195e-01
6.001966607151687505e-01
9.068605258888058351e-01
7.224998875920423114e-01
8.312891029554543287e-01
6.650703617099429366e-01
6.752182449270780484e-01
7.040326075742993073e-01
6.814105487171706610e-01
5.845772797502715168e-01
8.818351456700501689e-01
7.190536806867258157e-01
8.102627875008616698e-01
9.345735760879609888e-01
6.728057731728556146e-01
6.636540992506922976e-01
7.231683929204226757e-01
5.649213049729322478e-01
7.285307929831199569e-01
7.663451463944190856e-01
8.076747661747356588e-01
7.163067261095963367e-01
7.605492316692457067e-01
7.304589776576801974e-01
7.948113687626954249e-01
7.977561868727052197e-01
7.811844422409248700e-01
9.535720747922857843e-01
1.000000000000000000e+00
7.082199856107722624e-01
7.542038245965081433e-01
9.035157844290182538e-01
7.741471833166246874e-01
7.690737727413621272e-01
7.167615829819962148e-01
7.187637802937711928e-01
6.474617975844474405e-01
7.150610154735581592e-01
8.373157468000957948e-01
8.449009676909464694e-01
7.812382765944925200e-01
8.264713098793938784e-01
7.904789233436464446e-01
7.458440462624402745e-01
8.184962016800658713e-01
6.694608197554818840e-01
8.393839339096085261e-01
7.315756196399532119e-01
7.191465954993578880e-01
6.678551577472107148e-01
7.637871725483966756e-01
8.812378369636990616e-01
8.790088146017944748e-01
7.976783286917830118e-01
8.812705595475740505e-01
7.011712484961853953e-01
6.755127280706934023e-01
7.380331961805799423e-01
7.845271071768142868e-01
5.989953042346922718e-01
7.382173823506423815e-01
5.746006805890120361e-01
6.080708847580253984e-01
9.483408413767151490e-01
6.664569988803816791e-01
8.460047662201282126e-01
8.307760966589070595e-01
7.609588768784087964e-01
7.259160411814129521e-01
7.314727378438192762e-01
9.142645418432422399e-01
5.932225074705910206e-01
7.694410981599368871e-01
7.813982366516218914e-01
6.189551693183239500e-01
8.349713474469571128e-01
8.153599951205228180e-01
7.877208869947549541e-01
7.563240131021611301e-01
7.265385750843826873e-01
6.908945154091390428e-01
8.240759429515065460e-01
5.704291125689380237e-01
7.479688413564373750e-01
7.286583645611666160e-01
6.187131147008941845e-01
7.844861581671085382e-01
6.445105283702572407e-01
7.423516713497706476e-01
7.511087002861014383e-01
7.346187534428052501e-01
8.083908817024529903e-01
7.528913584906429257e-01
7.983773436293639669e-01
7.351381846690641098e-01
6.993210461603220907e-01
7.859013099828138227e-01
6.114106392520712863e-01
8.022395752041733274e-01
6.983521031339514629e-01
7.077795445478154424e-01
7.812321191104478757e-01
7.253343210697897891e-01
8.012387368728586257e-01
8.985354657487250041e-01
8.794091507332408852e-01
7.431896339108265970e-01
7.445091717442178236e-01
7.459372258951395551e-01
6.530769898223212078e-01
7.097837066721461863e-01
7.759307799673540451e-01
6.744639304703039517e-01
6.002932774057843091e-01
7.920978669234830516e-01
5.306469933103794556e-01
6.715051081167739966e-01
7.529276611046527012e-01
7.260743427086748802e-01
6.295599287161954827e-01
6.893310948043500641e-01
8.298615528484067916e-01
7.231909694049791781e-01
7.919547064949623572e-01
8.094566038497450489e-01
6.532586651211143014e-01
8.298153115692801229e-01
6.286408841191049035e-01
7.269892132198594314e-01
6.853794318393648943e-01
6.765472539159516074e-01
7.715064612044635339e-01
7.172494875924906310e-01
8.375485234071304852e-01
6.561948638280357127e-01
8.085444668629626630e-01
6.338248175090166470e-01
7.219803442883179212e-01
7.667951266525001586e-01
8.283609308452897224e-01
8.524997590560690064e-01
6.490496949059789689e-01
8.813364184952527935e-01
9.028736447729168724e-01
7.075116252441142617e-01
5.916203293867687840e-01
8.693796924153864847e-01
7.065540099722378287e-01
7.184278924846712044e-01
8.136480227264910603e-01
8.219351950981483856e-01
7.866455943483645630e-01
8.781008764113129583e-01
7.973346040764792697e-01
6.892113732866700371e-01
8.389987129532761045e-01
6.463708353460368983e-01
7.120733880051157705e-01
8.327202435535094871e-01
7.242492156338933285e-01
5.925529144632457612e-01
7.728195213537329966e-01
7.384193940501249109e-01
7.661447726289249971e-01
7.627510274902831178e-01
6.977146590109117863e-01
8.419394097011556610e-01
8.696429646532677360e-01
7.186260212486172971e-01
8.999743669829745052e-01
7.869382681768564147e-01
6.720855719153069341e-01
7.675865132851689143e-01
7.751810441036175447e-01
7.447868764601328628e-01
7.489812184254096561e-01
3.496917883158046081e-01
4.737179920221146201e-01
3.810332200535508917e-01
4.306212457939857519e-01
1.915867708468927955e-01
4.253808198541564334e-01
1.507179642106557527e-01
2.910991557828870313e-01
3.290379495582789193e-01
2.843123884705496263e-01
2.632195361412525969e-01
4.172429294484087947e-01
3.803373589914007535e-01
2.331438817570425925e-01
3.854379453348364404e-01
4.318840114549493681e-01
5.199713435921422544e-01
4.756285511135800448e-01
3.047281093167604205e-01
4.278332745138275772e-01
5.221715811414624486e-01
1.980582873424481249e-01
4.047854959396792740e-01
2.861951462539420454e-01
3.768990754226912987e-01
3.839385224330731372e-01
2.974891798248444630e-01
4.584459686616011442e-01
2.797048317353045821e-01
2.297194029315106079e-01
3.505325092366540218e-01
3.075337341320893980e-01
4.692011302168017650e-01
2.802620725044282501e-01
3.734134312292880509e-01
3.333223395495257257e-01
3.565770001241126419e-01
4.402006629467598575e-01
4.308628481841187963e-01
3.225145472312753725e-01
3.502177861044628582e-01
4.722893849380347397e-01
4.238729096543916164e-01
2.344510823645589159e-01
4.262837127908922774e-01
3.895417395761160417e-01
4.823311938926873044e-01
3.567074329003148137e-01
5.491105178463826508e-01
3.399913116423949333e-01
2.996751606603724749e-01
3.099134658062654424e-01
2.713694137339277557e-01
3.824246900993033549e-01
3.972141898499390589e-01
3.802821173045540792e-01
3.727662490851400001e-01
4.003044377197693127e-01
4.646933670921191695e-01
3.354480541580315833e-01
2.490862109498919175e-01
3.295197697481617727e-01
3.408833747241117873e-01
2.688170372152665077e-01
4.661498000615427184e-01
2.346452968506833603e-01
1.934784185514888399e-01
4.219439055900440216e-01
4.702377963946053896e-01
3.796443849256594394e-01
4.366460791389048524e-01
2.544979492155161616e-01
1.769711651889747106e-01
3.703584719145802673e-01
4.112667354068639813e-01
2.514302797842096204e-01
3.485691520731715176e-01
4.503956827786397277e-01
3.833171840484230763e-01
2.555540550088024609e-01
3.163170447391050466e-01
2.710796516525257882e-01
4.344864602092699535e-01
3.199302890398656452e-01
3.238883280814495169e-01
4.293834104222564729e-01
3.764960944478343841e-01
5.523774727771288973e-01
3.680793590967170736e-01
4.489398858987394547e-01
2.218286053636584487e-01
4.545271495032165987e-01
3.936915694109943686e-01
3.852193651240420902e-01
3.682524092688104211e-01
3.678082106588791422e-01
2.723069464054219679e-01
4.533011181136872292e-01
3.240087337800465761e-01
3.513373857882915452e-01
3.940245523535552685e-01
4.035142001452771687e-01
3.811367798176661381e-01
3.944522018241891637e-01
3.577161710966483277e-01
3.021721565448309832e-01
2.224392615832357922e-01
3.254502638060019493e-01
4.442966670765562398e-01
2.904846465607904271e-01
3.363975615294851895e-01
2.219840533836630048e-01
3.173747705226612759e-01
3.656446674878808256e-01
4.298053046560126322e-01
2.727227381757102442e-01
4.575691236778842708e-01
4.413718511139290701e-01
4.494139578171962857e-01
2.946177674043308770e-01
3.055012119382334301e-01
3.849317212228995366e-01
2.250364552035266641e-01
2.867649900245257122e-01
3.536354412892235288e-01
2.859141288857587337e-01
3.251597925157208024e-01
4.157368711814992679e-01
3.673753277742919376e-01
2.986179787608613800e-01
4.132330722958157398e-01
3.694494025707515394e-01
4.146323397477862382e-01
3.237564378811585986e-01
3.468414994117832162e-01
2.433952888369954604e-01
3.604521052136970827e-01
3.425657492472957699e-01
3.059747598163435889e-01
3.399254975385366251e-01
2.720422655562784175e-01
2.421485264687617267e-01
3.531852116314249113e-01
4.310207216837045330e-01
4.222451857055655733e-01
3.985438794158673304e-01
3.200787524585166910e-01
3.221489823008223397e-01
2.474551168723322370e-01
3.362467020176818089e-01
2.999243138825735677e-01
2.939911997900934715e-01
5.125008856339288155e-01
3.107450084332241680e-01
2.538770754944594810e-01
3.999639361179274655e-01
2.920731238239271388e-01
3.875497268703356202e-01
2.981556731576360253e-01
3.190029796506734794e-01
3.156823256056693339e-01
2.861825136241844536e-01
3.014173947422944533e-01
3.393676798630476110e-01
2.462347263374220496e-01
4.607834453896997307e-01
3.347191003799299125e-01
3.716634276479480192e-01
3.801561456060245092e-01
3.333196855691971106e-01
-5.264951848670071932e-01
-5.300099112623439801e-01
-4.153245561778696748e-01
-3.655711107737842358e-01
-4.334663241948233381e-01
-2.843126998336585887e-01
-5.908738134945143994e-01
-4.491809764380492176e-01
-4.541999143960648855e-01
-5.769769650468501432e-01
-3.938211134987614770e-01
-4.223987555894431756e-01
-4.698265629862012904e-01
-3.951925001600531395e-01
-4.359377882322552633e-01
-3.579646681516873707e-01
-4.272831824844703918e-01
-4.737363670123619919e-01
-3.857303004889792719e-01
-4.143827260542712887e-01
-4.726013738375622886e-01
-3.423411850077757723e-01
-4.053882102444310576e-01
-5.110514314570890892e-01
-4.019848455198189452e-01
-4.689492627925595514e-01
-2.402247440261635614e-01
-3.389070320611077269e-01
-4.623831614914160060e-01
-4.017339575113532124e-01
-4.556950628477981491e-01
-4.751850015644683012e-01
-3.997489278987435002e-01
-3.966537924385793445e-01
-5.227945390917738688e-01
-4.784987202377465332e-01
-5.023099168227311839e-01
-4.405463632096379145e-01
-4.144950485086428271e-01
-5.117944398336966572e-01
-4.495759154476939301e-01
-4.486938614870691344e-01
-3.935452383253210673e-01
-5.815676964951359551e-01
-3.711502766157972477e-01
-5.199752552028804597e-01
-4.628043929957270652e-01
-3.543806287729482918e-01
-4.284889350836457167e-01
-2.771242379628011676e-01
-4.798410834139235082e-01
-4.658141889766255206e-01
-4.177823177339875516e-01
-5.706794806766425365e-01
-3.315460855368609350e-01
-4.140925131209867160e-01
-4.280907564328403359e-01
-4.464159303054949790e-01
-3.432563309691959441e-01
-4.026981652529952882e-01
-4.443755579472286055e-01
-4.568937769844335639e-01
-3.495591164877170920e-01
-3.302027700160079515e-01
-3.959535607760604758e-01
-4.917065049013055189e-01
-4.007112878212565343e-01
-4.225201542966793289e-01
-4.565243230106962313e-01
-4.575233165151953996e-01
-4.913741681207478562e-01
-3.829925928296838977e-01
-3.663376927273274131e-01
-5.328394545532958437e-01
-3.440130385238163724e-01
-4.203611681402297240e-01
-5.530681655130988972e-01
-5.250382350791567010e-01
-5.281909597174272442e-01
-4.087485268895189039e-01
-4.776263996110389209e-01
-3.245432676294097707e-01
-3.500604652376646531e-01
-3.747806792673723519e-01
-5.567842901792374732e-01
-3.897675246368228485e-01
-4.845673503751528610e-01
-4.116747543618710647e-01
-2.916197017538586511e-01
-3.777200853679401060e-01
-3.352727067033005603e-01
-5.785717213076415621e-01
-5.761154274019835153e-01
-4.803743828507651692e-01
-3.351181125461961674e-01
-3.837360950505986912e-01
-3.257042059105333953e-01
-3.651377762908237790e-01
-3.317614832672638459e-01
-3.366485586356257054e-01
-5.000004940484762406e-01
-4.796306511803951622e-01
-4.082119202879836983e-01
-4.880489746482465918e-01
-3.264496047033934589e-01
-4.663971275794190907e-01
-3.475483044837964774e-01
-2.344494532499734607e-01
-3.048196244081784467e-01
-4.975632675860989229e-01
-5.118018604536874738e-01
-3.192445654308528891e-01
-4.467435265751600326e-01
-3.114416576605910647e-01
-3.994300114691038406e-01
-5.313767401995089790e-01
-4.298831005317078624e-01
-4.772349550052906730e-01
-4.502087506885688040e-01
7.322942796605924620e-02
-3.089637089257923908e-02
-7.471070279209890419e-02
-8.009270612729413319e-02
-3.196480986831828908e-02
-5.426371604226543077e-03
-3.225683670903356504e-02
-1.654658961439736675e-02
-1.314593308949997263e-01
-5.091772981536923925e-02
-1.010461742263860652e-01
7.866482908281091646e-02
7.243908283470501530e-02
-6.388208889479285446e-02
-5.510620646467290218e-02
4.780457602129439820e-02
-1.340515197142841952e-01
-3.274752098053157479e-02
-1.046952157457670118e-02
-1.835064025132113752e-01
3.008546874948625494e-02
-7.518048403863941687e-03
-6.410230999085542170e-02
-1.068292870480447299e-02
2.827421903112581347e-02
-5.427768370978625079e-02
-1.008962082967828078e-01
-9.369767668947537320e-02
-9.462941405249380988e-02
-8.734255653940226072e-02
2.301497379132833032e-02
2.959316778461129616e-02
-4.098842155812143506e-02
-1.411564708328069129e-01
-2.239670962355733153e-02
-1.135034424954409760e-01
1.283566555367925410e-01
-1.175762059649011482e-01
1.486319684064563162e-02
8.426905552980801239e-02
-1.511000112706484266e-02
-2.291343777510819191e-01
-5.168057898142641715e-02
7.606910749539341765e-03
6.346856957829150048e-02
-6.871465334434523342e-02
6.044921072854703148e-02
3.055495508444194819e-02
9.858387988820438430e-02
5.988849253829320318e-02
-7.961589680327563201e-03
1.196131793727945869e-01
1.998267093434447084e-02
5.778911498372685251e-02
-5.272787953233315505e-02
1.067397364876669918e-01
3.315865092682890314e-02
-1.160188234881714964e-01
-8.833995689619289493e-03
-7.518806854292681141e-02
-2.547847477437381603e-02
-9.943772362938241294e-02
-7.981083913687370135e-02
9.717744812999606907e-02
3.776275710880527825e-02
-1.360578544466806150e-03
-2.185523212903217605e-02
-1.865283571790550265e-01
-8.976075640929959132e-02
-2.687733137764169999e-02
-5.577187582889175932e-02
1.544120021611306015e-03
-8.291630024887275408e-02
-8.751004979752119439e-02
-4.027878581105226452e-02
-1.289237632694233415e-01
-1.660085163957003562e-02
2.479979922166242190e-02
4.864214563012381198e-02
-6.406671847630329708e-02
-1.720740250892649481e-02
5.059560166912202561e-02
-2.122738056449946509e-02
-8.195319785793964140e-02
1.483722845423196546e-03
8.106065935847861503e-02
-1.304842969347306258e-01
4.031684154069159476e-02
-8.020088490285481875e-02
-3.352056554545290723e-04
-1.257656562573223891e-01
-9.835009139784856025e-03
-8.489886089321951879e-02
3.676187977367684212e-03
-7.728244221326907581e-02
-1.446693945085444355e-01
-7.231318037948808453e-02
-3.510265525551625743e-02
7.137021243550445426e-02
1.409178238672570416e-02
-4.868947161642211974e-02
-6.001324010371233975e-03
1.957292847282832149e-02
-1.463089435543835082e-01
8.591652076132194615e-02
-7.876049997917711210e-02
4.022149267671792927e-02
-4.721246036502291243e-02
-4.008572947667410347e-02
-8.128240078468929042e-02
-8.116199787434152935e-02
-3.854211766766457714e-02
-7.864050824119017680e-02
-1.920994218885683225e-01
2.900276760305464663e-02
-1.852044385495366097e-02
-4.158681856078860761e-02
-8.066058807160936261e-03
1.294327252854277077e-04
-3.032936782265827080e-02
1.372538322855083592e-01
6.860893494773834256e-02
4.778312688668284736e-02
-3.073686775499373525e-02
2.872129010317414632e-02
1.364384444032893384e-01
-2.934111090800395338e-02
4.352504248033084444e-02
-3.585878092253591554e-02
-1.864842431870566974e-01
-4.384198786421045213e-03
1.113136948370696544e-02
-3.553869081942895303e-02
7.693473186689536725e-02
-3.479581403607234780e-02
-9.862867364276162174e-02
-8.809489642776813234e-02
-2.480228278449898571e-01
-7.785959376945594812e-02
3.189554543868124981e-01
3.189194085220223851e-01
3.069883888203153166e-01
4.324113062523859963e-01
3.292434198749834007e-01
4.974026022410023007e-01
4.757486158466359694e-01
5.421828096404108788e-01
3.743405147184479809e-01
3.069301618269417720e-01
3.519992345618063734e-01
2.834575637881218135e-01
3.300235355915368540e-01
2.175284079531534243e-01
1.871712329768404626e-01
2.439225056532916547e-01
4.233561644139212099e-01
2.713796674728969904e-01
3.015970959329641321e-01
2.331092078306296056e-01
3.856214591416393667e-01
4.081546687350110503e-01
3.342117215059801083e-01
2.131415879252864798e-01
3.749261819655269612e-01
4.422329170261365405e-01
2.422524470532712026e-01
3.139043676538202376e-01
4.062088780682249212e-01
3.074580870676080213e-01
3.671416030849510292e-01
3.484614993198222876e-01
3.960889614802935998e-01
2.193042240484099903e-01
3.969086536272070642e-01
3.729743276822778952e-01
1.797988558660952307e-01
4.458676755979253947e-01
3.134237748326105244e-01
4.782361678492144108e-01
4.459072760637210475e-01
3.964116821150613923e-01
2.592711977131649803e-01
2.868746939462816226e-01
4.548358352170820407e-01
3.108787570140378875e-01
2.923865658669431156e-01
2.981849139296737228e-01
3.815521470126974624e-01
3.604197151448462755e-01
3.238570854032634116e-01
5.352075336712533993e-01
2.952956565892188578e-01
2.587388620171025000e-01
2.967763266371572506e-01
3.901474736575663016e-01
2.451360186827109544e-01
2.342933896485612788e-01
5.705481246983727939e-01
3.450544805553084071e-01
2.970008706790452369e-01
2.876650567476541909e-01
4.166814412493351494e-01
3.722712946922082100e-01
2.744326024922290053e-01
2.290897969043517168e-01
4.693829444495325465e-01
4.581271540561884237e-01
4.158618463896686102e-01
4.041593035540980150e-01
3.226272714229512228e-01
3.936024704488954029e-01
3.781392992129573027e-01
2.924298205558484298e-01
5.527456730958069109e-01
2.825741030623734051e-01
3.792713707762687125e-01
3.154336753354671785e-01
3.410713351183194408e-01
3.427474297529347069e-01
3.935621373520890032e-01
5.830777841565977226e-01
4.181167873555911019e-01
2.733795903459248500e-01
3.385621813489667620e-01
3.036845115663724393e-01
3.933798848825451611e-01
3.901368117264478741e-01
5.019529840487089167e-01
3.021502563268412267e-01
4.669349279397627672e-01
2.640790904531471472e-01
3.272569103013505121e-01
5.314032674270539047e-01
3.275197352639040993e-01
2.740162258289189356e-01
4.555325462377068924e-01
3.292529721608079551e-01
3.938036614247710787e-01
2.258449223452057009e-01
3.988222813344095563e-01
4.203257031622620321e-01
4.126796229595919296e-01
3.089043985144919180e-01
2.848113997191439317e-01
3.604044657902167881e-01
3.766501086844051827e-01
2.799663088152715140e-01
3.998773213782396141e-01
3.391797016296125289e-01
4.386918845789471444e-01
3.169570277376365652e-01
3.488596645311561328e-01
3.494533699764887924e-01
4.136807862102001021e-01
3.875978902534433779e-01
1.915313326751719725e-01
2.883519002063545944e-01
2.556879681817414429e-01
2.707541982555452531e-01
1.663132591087634893e-01
1.823713838269034326e-01
5.011857829614914106e-01
3.033215995630909045e-01
3.012622279822780857e-01
4.170677113513818757e-01
4.567945781178657239e-01
3.733366311488246492e-01
3.162403157826554345e-01
3.415322001423282128e-01
3.175492516311109181e-01
4.548015281801407461e-01
3.114983585576673875e-01
4.199729438812529470e-01
4.279093095711683503e-01
3.693402274586421452e-01
2.916954389543000570e-01
3.049148612416776594e-01
2.640770582548166434e-01
4.841180732530596664e-01
4.315141017639598786e-01
2.886951398099135702e-01
2.974891682620119937e-01
3.140151168246281266e-01
3.365136718448360487e-01
4.106451852315839979e-01
3.470552837759399711e-01
4.218756133849661527e-01
3.798362751512647240e-01
2.732254166205105861e-01
2.032206750947327389e-01
3.191203412149137275e-01
4.253974754058709173e-01
2.871730404103265410e-01
3.935653257182618603e-01
4.706186051874394760e-01
3.033278412784501388e-01
2.604252592263576194e-01
3.899562129532680999e-01
4.347858876545207529e-01
2.677560116354871234e-01
4.318729834446484173e-01
4.256615306134701182e-01
3.992546212214531653e-01
4.568229926570193111e-01
2.436220555645935981e-01
3.526471461641098593e-01
3.631784671872109183e-01
3.605883920269610243e-01
3.431532986019338871e-01
3.536865358760572509e-01
3.488510939708946434e-01
4.987757433678488006e-01
4.015644371087905284e-01
3.218402469595129656e-01
3.391736261496947069e-01
4.470760373076709815e-01
2.629132308844988053e-01
2.955273900671162579e-01
3.691371972023858028e-01
2.457305909362603735e-01
3.542500267743187159e-01
4.210700571354695221e-01
3.123342658762344737e-01
4.289222484097763299e-01
3.773836663601450869e-01
3.894059903743154472e-01
3.910510655279413328e-01
4.072327508257005402e-01
3.160164642302043525e-01
3.173965385445114418e-01
4.098167717645344599e-01
3.144985876511290357e-01
3.143727793638091406e-01
4.247437283424027044e-01
3.523074536996733119e-01
4.239525064474061189e-01
4.646529467156801374e-01
3.108035923819623125e-01
4.296368002693189414e-01
4.656484290865945397e-01
3.843851693074258336e-01
4.646873210233593010e-01
3.164446268355274317e-01
2.531784565726911129e-01
3.761873885362017056e-01
4.135325225556882867e-01
2.563748579825930740e-01
3.471539453661085517e-01
3.367903362243420684e-01
4.743530589779161311e-01
2.684222745602562465e-01
4.092324556224149479e-01
2.958522923927997539e-01
3.210819161894908902e-01
3.710536572628353458e-01
4.205080709919275517e-01
5.408147318138849524e-01
3.652146677618397508e-01
4.743022553975766442e-01
3.760031280314986013e-01
3.540253243961510865e-01
2.991670007747622151e-01
4.337972653028301373e-01
3.620990526868343995e-01
3.284724116957438156e-01
4.035419123797896468e-01
3.096519937339028417e-01
5.094981936596734151e-01
3.282139996533710580e-01
2.553042459837573386e-01
5.022031726117861528e-01
3.707817815769316461e-01
3.023092494856378654e-01
3.552421887085173147e-01
4.293680163865989385e-01
4.569539261620900739e-01
3.812270435528906098e-01
3.910094292674495264e-01
2.259999248201083333e-01
3.145445471942101001e-01
2.660686165875409959e-01
6.058296740726556440e-01
3.363411203402171257e-01
2.895757917089567535e-01
4.275220346839243568e-01
3.817480421066561380e-01
3.410172335113643705e-01
3.869857197486343825e-01
3.931400420246609073e-01
4.856412224690440649e-01
3.967904635655108425e-01
5.135334030536216066e-01
4.533269805319786183e-01
3.936123295315263615e-01
3.549524906794980783e-01
3.383733823507732996e-01
3.864871090121670960e-01
-3.907735184055356470e-01
-3.878729592359446698e-01
-3.978120531897486600e-01
-5.604840027486739373e-01
-5.262402359378272054e-01
-3.030857784842929670e-01
-4.803823127848950714e-01
-5.709697733861508473e-01
-4.837078597452634243e-01
-4.829575007467782344e-01
-5.507273446858982346e-01
-4.173033178328218185e-01
-4.884222038638484920e-01
-3.594241316048536472e-01
-4.091565261069441961e-01
-4.474694936528276212e-01
-3.767394205014500397e-01
-2.836188324634050240e-01
-4.151773135882106391e-01
-4.265119703248246852e-01
-5.849895540873963906e-01
-3.253011720439173970e-01
-3.598773901668946840e-01
-3.816291350577948327e-01
-5.969567286441064269e-01
-5.079335928684010071e-01
-4.725393169542655425e-01
-4.726946024399876212e-01
-3.518263036356561457e-01
-5.295176601213869017e-01
-4.046251550433155320e-01
-3.371889055655310496e-01
-6.091635181143888467e-01
-5.281706214740672367e-01
-4.199253220716835378e-01
-3.680080939862324652e-01
-4.094675280944045648e-01
-5.471756107445804318e-01
-4.136188967491944979e-01
-4.075468463998006552e-01
-3.813665590842759689e-01
-4.685009505557017340e-01
-2.770386808770348708e-01
-4.918579762837871350e-01
-4.022562485576460789e-01
-4.266541234795063753e-01
-3.968775056726229211e-01
-3.639682519825392371e-01
-3.632355714683672687e-01
-2.888788130282953226e-01
-3.620723414348265834e-01
-3.338443966529328621e-01
-3.705110223672491987e-01
-4.538588341596760944e-01
-3.851725635947458315e-01
-3.935961302028263553e-01
-4.310594423920015572e-01
-5.047928928429599171e-01
-3.728734482172051390e-01
-4.567322069347493629e-01
-4.676365583483729216e-01
-3.920930972614548038e-01
-4.319119063878017473e-01
-4.987368743131261883e-01
-3.017801323225204335e-01
-2.950522312626209231e-01
-4.404997856718662064e-01
-3.766944114227827045e-01
-4.855257376482554621e-01
-4.294051438522972219e-01
-6.255465128006365561e-01
-5.116872269398935469e-01
-4.135710896294240158e-01
-4.037714544502304381e-01
-4.952526972923483317e-01
-3.463683709729690197e-01
-3.041647561577804915e-01
-4.044230286404940644e-01
-3.832074733255353971e-01
-4.955399852579343012e-01
-4.738456207361765316e-01
-3.809746557137156930e-01
-3.863829770742374103e-01
-4.571145220067959203e-01
-4.887715116238363633e-01
-4.100585674800795166e-01
-4.710467914442847404e-01
-4.475800538865930545e-01
-4.638348022834436479e-01
-4.826715865644763959e-01
-4.662176785994230910e-01
-4.587758149682407138e-01
-4.071384762408034597e-01
-4.437114300576762149e-01
-5.399308547334434882e-01
-4.207533258178779434e-01
-6.274453163804049050e-01
-4.581896820115586300e-01
-4.634327480985140912e-01
-4.517312003269525755e-01
-3.081429766354448763e-01
-3.643703529048790690e-01
-4.459496371551847638e-01
-5.189607678491063858e-01
-4.344129765800068821e-01
-4.286118725322860534e-01
-5.013808977429923264e-01
-4.870569236081816467e-01
-4.336254192257822382e-01
4.285302516459381650e-01
2.334993211548954672e-01
5.200367109603618587e-01
4.337238452247977882e-01
3.022387706556648457e-01
3.489748174225471011e-01
3.048802019876324376e-01
5.247910641742838944e-01
4.771624142480126451e-01
3.528787445531265110e-01
3.604129634043087282e-01
2.743763454197958307e-01
4.442561913870237689e-01
4.169454541793240487e-01
4.045945752058897060e-01
2.116994049096598829e-01
2.621251164564957215e-01
3.658875744984315670e-01
4.309974621932866068e-01
3.291168840711544696e-01
3.310377538999111913e-01
5.446521737037575139e-01
3.119079665462349826e-01
3.780054037442794890e-01
4.380174539524981370e-01
2.926404792183951997e-01
2.391429266644364837e-01
3.443093898034355060e-01
3.824378417733738100e-01
5.187194975566271626e-01
3.423881379175668371e-01
3.184739004110177518e-01
3.204677658059560397e-01
4.406083724418323744e-01
1.768549014917506490e-01
4.523567544857198808e-01
2.793594405100203737e-01
3.409550064554922599e-01
2.821249088206974065e-01
2.255306203625564443e-01
3.545448444574841318e-01
4.216507420818578211e-01
3.111885357901718052e-01
4.212122516280749629e-01
3.500614915971278496e-01
5.016983898952358523e-01
3.644644582110911912e-01
4.460901591628207985e-01
3.777609278362314971e-01
3.420854322289637039e-01
3.688842970881343053e-01
1.881816431401635015e-01
3.617347628965164041e-01
3.789818548021124389e-01
3.818397605874390699e-01
1.931071606900462978e-01
3.073804869271581364e-01
3.859245244164766220e-01
3.087922007373651301e-01
2.214442530443643253e-01
4.212521801179418546e-01
3.458766104705766065e-01
3.057541361762479148e-01
3.334217195754034524e-01
3.262808123432794360e-01
4.184779456226175309e-01
2.296742146273678120e-01
3.794942809787473781e-01
4.159139626449732674e-01
3.245068480946196043e-01
3.370387701892536558e-01
3.533098948229840275e-01
2.727152287209897441e-01
3.856208695249090379e-01
3.605354931776185712e-01
4.573635173291001887e-01
2.445135048719517812e-01
2.075342161781748018e-01
3.459723498183937540e-01
4.220163107770167343e-01
4.801012546106466772e-01
3.070565640372853178e-01
3.324927222772284807e-01
3.586550828040404593e-01
3.969532744965820203e-01
1.952068847022347953e-01
2.257374488807148971e-01
4.182570326585395293e-01
4.261280954079571526e-01
3.393656703866365643e-01
4.986755633087189832e-01
2.990502215193699964e-01
1.157481975101719573e-01
2.809197220243575543e-01
2.286093440654151099e-01
1.975771435301740819e-01
2.664234836354126834e-01
3.439975182912782259e-01
4.190964679100748214e-01
5.227482749664915662e-01
2.992741423142830648e-01
3.552597702665516444e-01
3.383331735604704349e-01
4.456419634598642876e-01
2.906157859538041066e-01
2.529061260896197094e-01
4.020604544429835503e-01
4.087602249480870586e-01
2.921404326282874830e-01
3.293013633188512923e-01
3.350238892933077306e-01
5.266696468897607009e-01
4.880313991727720513e-01
3.591797701907633034e-01
4.389119366416707191e-01
3.377385724465205019e-01
3.327559642677078156e-01
3.803017644345696446e-01
4.103440870652326211e-01
3.546678907625040456e-01
3.559223623262202096e-01
3.776898821998824207e-01
5.514180825558454568e-01
3.606460850930199857e-01
3.419166957128596529e-01
3.856177832426057606e-01
3.075873734377903013e-01
2.649448516676833343e-01
3.931308921375296084e-01
2.184452486360966006e-01
4.148307608698804660e-01
4.310055508199290841e-01
3.226248553484887260e-01
3.498477125549337430e-01
3.567732835501835620e-01
3.372291577420212239e-01
3.746776442045027800e-01
2.367304462365467099e-01
2.835169490823903349e-01
2.290727655281312725e-01
4.207083150939194827e-01
3.206754174844257399e-01
5.121944355529473025e-01
3.548428149576168256e-01
4.283374895120317660e-01
4.898717058000574553e-01
4.221026352830101747e-01
3.876583463287259779e-01
3.780994793159957457e-01
4.412293718361939288e-01
3.862812049018267135e-01
3.979537787430518225e-01
5.568729118674728973e-01
3.577977288529814448e-01
2.826222467923125148e-01
3.206724760826447085e-01
4.763379153783133813e-01
2.645326931512841373e-01
2.606266699319659264e-01
9.045812091704845681e-01
8.116856973727639701e-01
6.509640721796152718e-01
9.119253741056727591e-01
7.895882839164971578e-01
7.200994091108041673e-01
7.432788615275891519e-01
7.394970855290410316e-01
7.291854358681268966e-01
7.052155921192169163e-01
7.792908894197454472e-01
8.179365291204321320e-01
6.985560691654708609e-01
7.916512079086774900e-01
7.662846771001108337e-01
8.328280227560118654e-01
7.547549211775770317e-01
7.105492275532150348e-01
7.420324682997077037e-01
6.958052958683125233e-01
6.759815772743811291e-01
7.323061138136168768e-01
6.142209344256988057e-01
6.028804360571970999e-01
7.194147231373464457e-01
9.410373134962992658e-01
7.753371580195285162e-01
8.445256498675912660e-01
7.766265141692343388e-01
7.228302285052035092e-01
8.343648944531061318e-01
8.177011594552783258e-01
7.392538444646692408e-01
5.937515945697311448e-01
7.530406207429329868e-01
7.542323869203813036e-01
8.104798401041080069e-01
6.979710466948232384e-01
6.192408234653536958e-01
8.267634778511283589e-01
5.893578540379436070e-01
6.961391187880607845e-01
7.784153250673762070e-01
7.661460277336991087e-01
7.672744719738062713e-01
7.998076495171981826e-01
8.183746959364532891e-01
7.330177407814149060e-01
7.175744449114545009e-01
6.042925293019194566e-01
7.909202902915095645e-01
7.414516009406590946e-01
7.703763763799833519e-01
7.489130202428904148e-01
9.074890661084842325e-01
7.648403781504251597e-01
9.288957883998334442e-01
9.247332879931511318e-01
7.590679921167713395e-01
8.491259797230563677e-01
6.344038290067461894e-01
7.287226852065933347e-01
7.817005781125017094e-01
6.266514481871472420e-01
7.841253826450054198e-01
7.081101845229531566e-01
7.229391945647880569e-01
7.081311767098656951e-01
7.680073943134315684e-01
8.484851316643309271e-01
7.770914939590176651e-01
7.152176324017873732e-01
5.535226277727263167e-01
8.498056982525186154e-01
6.761939299519552637e-01
8.270391942613140035e-01
6.856930424787299749e-01
7.191794545217184975e-01
8.747320697055296357e-01
7.795418869304131526e-01
6.856638677460340503e-01
6.762335384228264079e-01
8.845639512756062750e-01
6.096589911780112558e-01
6.646012093465867299e-01
6.725983988520594092e-01
7.119872151291735118e-01
6.883421541369956209e-01
7.261620968793875974e-01
7.191758408801280922e-01
6.702990123325323069e-01
7.849167040610405266e-01
6.966718312686110970e-01
7.226967377571111850e-01
8.014619289594731022e-01
6.996917252499057494e-01
7.325746609594849801e-01
8.845540669705820314e-01
7.144178620938352875e-01
7.683148363740015530e-01
7.076253574387960654e-01
8.265419174024379867e-01
7.668404467555001158e-01
8.292097802139093421e-01
7.562477691739613039e-01
6.931364405039479593e-01
7.020766882977078627e-01
7.847467334101501102e-01
6.996678208685696010e-01
8.328810911161856900e-01
8.169661335047653239e-01
6.765593383063719379e-01
5.981641418199297178e-01
8.786123532000711389e-01
7.978815890883150796e-01
7.046931966259446511e-01
8.711271406558218633e-01
9.293188683784525672e-01
7.097263296619953366e-01
7.627303088337233916e-01
7.709465496104142002e-01
8.338358776196961308e-01
7.542050145413088380e-01
7.527667352692095637e-01
7.263017170494838748e-01
8.511544973389695290e-01
8.404426571708794036e-01
7.643787403576580708e-01
7.543627550122398162e-01
6.210083537972403978e-01
8.371397616700257949e-01
9.021109177183703753e-01
7.203169072556370178e-01
7.777416497542015694e-01
9.530209772442987948e-01
6.497385385817380232e-01
7.556032689742626651e-01
6.046585740850094481e-01
6.934162193373742955e-01
6.889759059272975161e-01
8.462727017638338456e-01
7.543913644152215880e-01
6.006998798621558944e-01
7.854918463057569689e-01
7.385686165263982694e-01
6.892340009036013182e-01
8.610653322236780927e-01
7.136913412890188990e-01
8.455360549174388840e-01
7.432526854177949893e-01
6.674773317618063473e-01
8.060879062209993506e-01
7.967726633682965520e-01
8.062057510621554179e-01
7.499513064016150032e-01
8.336580719591988320e-01
8.146261429205805538e-01
7.932027283402027784e-01
6.415835160722644925e-01
6.460212488490657545e-01
8.142953650975264246e-01
6.259203746992685335e-01
6.988468659921058812e-01
7.000991903211886136e-01
8.183427308478055107e-01
7.260480598589278411e-01
6.918425021352574422e-01
7.551478923613252903e-01
8.284197607623755566e-01
8.257838462293676240e-01
6.945052230823340889e-01
7.333365125431869913e-01
7.497174701784392603e-01
8.577384629929332149e-01
6.837064195741062722e-01
8.643270630782908803e-01
6.411999483136376909e-01
8.149323385786462204e-01
8.305002167974526728e-01
-9.469262751913178899e-01
-7.508502881598883016e-01
-7.894202751577970023e-01
-8.348552942587107450e-01
-8.121946929350603028e-01
-8.025339069525466718e-01
-7.371576508746628953e-01
-9.725831581631988465e-01
-8.636388107829622296e-01
-8.600192978908125507e-01
-7.854554062786607282e-01
-7.937292422360321398e-01
-7.825120688690515580e-01
-6.528292139635106794e-01
-7.350444847314998587e-01
-6.262659142930671052e-01
-8.035439673516857617e-01
-8.070328441463842095e-01
-7.916716006291042440e-01
-8.001038056521008190e-01
-6.928809113971009515e-01
-6.485705611769072565e-01
-7.720451740726159695e-01
-8.543800998207162767e-01
-7.133060785016780425e-01
-9.749131107957186293e-01
-7.991353825376660280e-01
-7.984788877624715564e-01
-6.776561379354203440e-01
-7.539881627130159414e-01
-7.976469251342620526e-01
-7.928768047958278942e-01
-8.254489365411115109e-01
-8.737368969899110827e-01
-8.553660321668403732e-01
-7.406761979815754682e-01
-7.071638230222798693e-01
-8.158287323725231799e-01
-8.199624296801314438e-01
-9.722758917367761988e-01
-8.876333347558558184e-01
-7.124978316058397931e-01
-8.670920877534959992e-01
-8.282081738797236747e-01
-7.585863459383992424e-01
-8.367868491551859744e-01
-7.832302405017732561e-01
-7.755693138103765261e-01
-9.811025245572677633e-01
-7.139075857437784389e-01
-8.141320568912651101e-01
-8.634458472791322059e-01
-8.429782632069034998e-01
-8.067437013793217204e-01
-8.903350379509458179e-01
-6.476297701862047118e-01
-8.716207911392276353e-01
-8.530459096496177951e-01
-7.686397209957959165e-01
-8.330771289324754303e-01
-8.449931765474009149e-01
-9.771083323175002722e-01
-7.161928879144219273e-01
-7.920942562343825655e-01
-7.489067403462247308e-01
-7.590479218668524375e-01
-6.884669379703132197e-01
-9.384233453342133435e-01
-7.496678641190571701e-01
-9.444924601435935596e-01
-8.833809014299084383e-01
-8.091893945083619144e-01
-8.937580082388071334e-01
-8.665617849974847076e-01
-8.814301278106938531e-01
-7.364700673517804441e-01
-8.374761643362662600e-01
-7.762990376112084423e-01
-8.848269110963301598e-01
-8.166389958795701176e-01
-8.751811786383839609e-01
-8.583971146555148257e-01
-8.167865651593113618e-01
-6.493116851637840137e-01
-8.187049570076161409e-01
-8.990382340025830921e-01
-8.242695286267694987e-01
-8.419241415679136198e-01
-8.562777811553969887e-01
-7.065781322223547711e-01
-7.547132318797769024e-01
-9.067772728886853706e-01
-5.721521572685264179e-01
-8.301725052180811693e-01
-9.107208725367799129e-01
-8.396646775045509825e-01
-8.718609058994606364e-01
-7.318216856866119890e-01
-8.339105794330394783e-01
-9.278490597707302889e-01
-7.799662532881147525e-01
-7.855033370037870499e-01
-8.833383440215046845e-01
-7.850954004695062105e-01
-9.043751502052678193e-01
-7.573910745744001360e-01
-7.072144621422281618e-01
-8.555802120083905171e-01
-8.105241416498156770e-01
-6.838344067029293871e-01
-8.559770643793850331e-01
-8.147792781998755007e-01
-7.380557953077080402e-01
-8.996458462158529734e-01
-7.804649709822970571e-01
-9.554860240878605415e-01
-7.815886236885826177e-01
-8.152091100241894983e-01
-7.191020103140757236e-01
-7.804789664137791183e-01
-8.697455956878566985e-01
-6.243707456419944624e-01
-7.607798163405170566e-01
-9.309759197864725389e-01
-7.142735338912491461e-01
-9.135051802825864264e-01
-8.501595096096234982e-01
-8.308669375403364699e-01
-8.494358489042077576e-01
-6.233556187209459143e-01
-8.420638479723652203e-01
-7.705732910212119702e-01
-7.081548766667191686e-01
-7.612674625602260381e-01
-9.943856191346297502e-01
-8.528374310482284004e-01
-7.316531119502049929e-01
-6.700716524868641777e-01
-8.570775598660754779e-01
-7.239310815360433526e-01
-7.666921148803553798e-01
-8.647976240493916444e-01
-9.547784381442724344e-01
-8.468704265542983389e-01
-1.000000000000000000e+00
-8.477038318272962503e-01
-8.533035619225041168e-01
-9.267658808440528695e-01
-8.519904179464633520e-01
3.145021653063226896e-01
2.617914082972903067e-01
3.522554960493500253e-01
3.450781047616680031e-01
4.594417417613050336e-01
2.787043019327024584e-01
3.230346180582372995e-01
2.919066854152652102e-01
2.936274568318337774e-01
3.934415019816561720e-01
3.051408701030808857e-01
2.669256263255566086e-01
3.739828754228304852e-01
4.088971175593079099e-01
3.137490261645290435e-01
4.082645539213609620e-01
4.278664170557671120e-01
5.437654710203105868e-01
4.879460283444734259e-01
3.927799899627397728e-01
3.851764654174025804e-01
3.891958421209056329e-01
3.297049023539933010e-01
3.039124296390349755e-01
4.032253578267506189e-01
4.357095319172261672e-01
2.649301289027528039e-01
2.953184290594723649e-01
4.353591809799264301e-01
1.509353196844818168e-01
3.222423020986311393e-01
5.426026229799842948e-01
3.643042434826233578e-01
2.911111677344397908e-01
3.776720365995782647e-01
4.648116136612019389e-01
4.442915722706513026e-01
3.083261151395459976e-01
2.857734472439608098e-01
2.815381294711836180e-01
3.923596996365328327e-01
2.560007161752482219e-01
3.880565280881902446e-01
4.521479129341838821e-01
3.980438424364369787e-01
3.325330447908807496e-01
3.319724241344090832e-01
4.683238058915299984e-01
4.775684717866408580e-01
2.909642445387756737e-01
3.059918269335144547e-01
2.891828856881495380e-01
4.087638527745709460e-01
3.143965966472066498e-01
4.563596632214839133e-01
3.242698823002376773e-01
4.469349942822578026e-01
3.627929257478375025e-01
3.449930142290236201e-01
3.458689606632201485e-01
4.109288299664402011e-01
1.920532396294798438e-01
4.362846457988640569e-01
2.542637261230669132e-01
3.084703501604924014e-01
4.565277909283507185e-01
3.568333819749083258e-01
4.062110651284602802e-01
3.657131043535855053e-01
4.265725499941803722e-01
4.684774101739384022e-01
2.992197570861458988e-01
2.878606693090681734e-01
3.708133898692129726e-01
4.384825205646787349e-01
2.089410645287557156e-01
2.833721614208308814e-01
4.042141175219762239e-01
3.738663923169120995e-01
3.588607396944298866e-01
3.187529830412372256e-01
3.518222354563564913e-01
2.960587256754951824e-01
3.371678802454070034e-01
2.620039830091485111e-01
5.406033109357997191e-01
4.132690879334808276e-01
5.062925499330703794e-01
3.652149344329449487e-01
4.369336249186299703e-01
3.364161632735040985e-01
2.576301970210557180e-01
4.165308214131042686e-01
2.621572573107289195e-01
2.127030019897919733e-01
3.469366224860088721e-01
4.027790750625264149e-01
3.064348945324120166e-01
3.221881095707765930e-01
4.275319054012032272e-01
4.023551532592923863e-01
3.159209009520322908e-01
3.761671753310129596e-01
5.355406738705357217e-01
3.390163393996687979e-01
4.888187812115072362e-01
4.548029489685190274e-01
3.424232102360460495e-01
4.457420431518439585e-01
3.118848610999860327e-01
4.353899590883112403e-01
4.267916696485802852e-01
4.091733551188332374e-01
1.765144278980734782e-01
3.669133781734581490e-01
2.441470132693506212e-01
3.242564525788720342e-01
2.238589078432324797e-01
5.087172474190804206e-01
3.487994024413447747e-01
3.176719933518612482e-01
2.529429740395583437e-01
4.133415556685384740e-01
2.110683050597583765e-01
4.005738333498150006e-01
4.524577900442399159e-01
3.672191978881493846e-01
3.803967690989757955e-01
4.868013760994938099e-01
2.864733776552146338e-01
3.777043583230836887e-01
3.334425179088020830e-01
3.994064021862826497e-01
3.683301850212672424e-01
3.451304000536310479e-01
4.976938537571018450e-01
3.149628695818833535e-01
3.477805095480568376e-01
3.895444804354855073e-01
3.009885114064647649e-01
5.114955603806750073e-01
4.944887879199639791e-01
3.712607165962695799e-01
3.795207385468657435e-01
4.693057673338645319e-01
5.093251463984778127e-01
3.531555241174006987e-01
3.788116306332331984e-01
3.599111593191843816e-01
4.078845669278556851e-01
3.065623352788708900e-01
4.403757912039469868e-01
2.227589079676868256e-01
4.073394730648436379e-01
3.194544727870971546e-01
2.810980116839025822e-01
3.688498599308043246e-01
3.258446083543811156e-01
4.858561140822987845e-01
3.405298374906449155e-01
4.249636161100662779e-01
2.918470621239823704e-01
3.625171374657165657e-01
3.522923858040516443e-01
3.814758091377987714e-01
3.115821268273244460e-01
3.341621984190628059e-01
3.902891725767050346e-01
2.581545391199466799e-01
4.278035010865723908e-01
-5.524314788246977859e-01
-4.662019500032433816e-01
-4.390484663880698246e-01
-4.185371810552360738e-01
-5.124178166344712793e-01
-4.923128152522123768e-01
-3.698830460897684080e-01
-3.495489548130971125e-01
-4.557040505329924551e-01
-4.370940370354532423e-01
-3.845631712880146491e-01
-3.944825092502675101e-01
-3.723577420736391419e-01
-2.818011081417880481e-01
-5.289194577165414746e-01
-4.237825524509992725e-01
-5.701242816308605965e-01
-4.238080941730103524e-01
-5.156074020747251074e-01
-4.422819519780013531e-01
-5.818315305345569399e-01
-4.983678616392737126e-01
-4.750876370552932215e-01
-4.686386496072554309e-01
-4.842647421421475418e-01
-4.045021497276860556e-01
-3.711922828281338793e-01
-3.959066763004487344e-01
-3.148599437973051973e-01
-4.617625826999143257e-01
-5.028173408661307242e-01
-3.749562263767922676e-01
-5.021289738418668325e-01
-2.920114461686944551e-01
-4.043817801090514585e-01
-4.330895494304495275e-01
-4.365944939643501277e-01
-3.340182328842463688e-01
-4.375422240155236731e-01
-4.903024652059926325e-01
-3.788456210388404521e-01
-4.839037200447962039e-01
-4.952803951679293215e-01
-4.583086725887722812e-01
-3.634602354433451588e-01
-3.398474813654455140e-01
-4.834019230233220776e-01
-4.494466539577171016e-01
-4.856733069058062346e-01
-3.806420761436154487e-01
-5.636789015069678666e-01
-5.527279350515822420e-01
-3.526783311364396489e-01
-5.171309540890620671e-01
-4.339857047731197071e-01
-5.522699135125687109e-01
-5.161776660416597107e-01
-4.226940448581528731e-01
-2.854104385248980025e-01
-3.092929461995261864e-01
-4.941977603825437049e-01
-3.753973631095239849e-01
-3.361911956524422651e-01
-4.422505840540478239e-01
-4.123872319255371677e-01
-3.692257015950116683e-01
-3.110492504043308459e-01
-4.208062118482940317e-01
-5.576692079610161557e-01
-4.752567892165113772e-01
-5.194708454682360754e-01
-3.580400366309627325e-01
-3.935963204733289311e-01
-4.078424759028043134e-01
-4.670995655860188389e-01
-4.201999995748622041e-01
-2.808939192570125698e-01
-3.528189250166305913e-01
-3.734914789978815985e-01
-3.776856277520308502e-01
-3.848446679553401140e-01
-3.773587507749145420e-01
-4.050364068277376717e-01
-4.068718659986073627e-01
-4.335396409798977224e-01
-5.355114956769772006e-01
-4.839456323179488484e-01
-4.820150942171510522e-01
-4.072859310732536153e-01
-4.764548001056899684e-01
-3.245830335289270341e-01
-4.841687753805353767e-01
-4.713036758544606464e-01
-4.089774647138489927e-01
-4.661692090298442670e-01
-4.463311771178353204e-01
-4.250516988220787162e-01
-3.181369706292104249e-01
-3.491680934858681917e-01
-5.262330826064873790e-01
-4.350864899073425551e-01
-4.773039718437520618e-01
-5.487253552107564936e-01
-4.183491041777985808e-01
-5.160143313345396665e-01
-3.947517169857521768e-01
-3.248053415618048501e-01
-4.095632778133920793e-01
-3.926845509192473660e-01
-3.691293650902633949e-01
-4.595400769380532102e-01
-5.382328236713711522e-01
-4.799610769573091629e-01
-4.821090045616313047e-01
-5.038624661868860155e-01
-3.921091860302046150e-01
-5.216546416892484661e-01
-4.707752343854634258e-01
-5.144592967051734300e-01
-4.407480939327973468e-01
-2.506618341275501649e-01
-4.050181462576738500e-01
-3.801979037855703902e-01
-5.145855979953281034e-01
-3.840432490688482359e-01
-5.680751271487975984e-01
-3.532950434534615214e-01
-3.555231371463771772e-01
-3.830923231053758871e-01
-3.782463733759172664e-01
-3.413372145025387328e-01
-2.973537535524606312e-01
-5.143854319463272429e-01
-3.730512826674720062e-01
-5.205377695446038455e-01
-4.044128325796146894e-01
-2.498989652579682863e-01
-5.027380829763417047e-01
-4.768872513805305635e-01
-5.122973008617113244e-01
4.132096926069239728e-02
6.469098568985987008e-02
-1.460192657493665225e-01
-7.571126805803096715e-02
4.757870928176499703e-02
-1.942347587372716955e-02
-1.821679520107483130e-01
-9.148274411568624309e-03
-4.942211484099123808e-04
-1.389789915407494414e-01
-1.631427455416470940e-01
-1.877075607154921055e-01
-3.113102285952984438e-02
-1.299016689007245207e-01
-1.013116715481113816e-01
7.058760288412013750e-04
-5.016652189311143761e-02
1.042963919956509944e-01
-4.642266386232529740e-02
7.482143634278393129e-02
-8.030769419048833235e-02
-1.228316804722854316e-01
-3.365380377851023841e-02
3.391366146958385563e-02
1.638875379263682319e-02
-1.171192330218039368e-01
-5.249595331006939869e-02
-6.967235847321295861e-02
-5.958377261083580567e-02
-1.253078516179478852e-01
-1.033766335225894117e-03
-1.218200773842544882e-01
-6.786950490108001333e-02
-5.531177631476980050e-02
-3.761350604270996545e-02
-1.075886214435328725e-03
-7.598313482940965979e-02
-7.808481676449241515e-02
-8.889502529900428218e-02
4.089909911402900278e-02
2.817216821721935105e-02
-5.796816606266019800e-02
4.153998586756535438e-02
-8.109910450442381347e-02
-7.917393198826561118e-03
-6.630760424984671886e-03
3.146371818516402463e-02
-5.856949830845648020e-02
-3.926542723529724555e-02
-3.434390184998659112e-02
-7.948879890706184170e-02
-1.659095955654776855e-02
-4.059751387584820126e-02
-2.416870273748072950e-02
7.193295183276782190e-02
-5.076135294411499022e-02
6.133829137089485961e-02
-6.766943689069992995e-02
4.922215648900607476e-03
-4.645469765357845837e-03
3.341834152000178193e-03
8.750294703741001712e-02
-7.900383726155257857e-02
-8.981991720349802311e-02
3.153776932079788153e-02
-5.034863844897630170e-02
-5.242135552177284996e-02
-1.526498185783846662e-01
-1.031742031695342954e-01
1.817240664945862783e-02
-5.354101932850352519e-02
7.441776033732794282e-02
6.517490600057485040e-02
-5.349941570369876054e-02
2.725392706399598630e-02
2.703630564249936974e-02
-1.091337335990316681e-03
-1.168174817822902334e-01
-7.547828844678450277e-02
-1.077691829563437453e-01
-8.282202397286109186e-02
-8.556451395085939993e-02
-1.058625976582729944e-01
-4.755231612631505289e-02
1.635582194911870957e-01
-1.207070960360500100e-01
-1.113744304225994242e-02
2.713663874973293311e-02
-6.435720707094871873e-02
4.092329082490619996e-02
-3.262970698221590027e-02
-1.097577237028460884e-01
3.524659099231941539e-02
-5.630740221708518956e-02
7.242564657535144335e-02
-5.757374073938648085e-02
-7.234045036201963708e-02
2.051581022618531591e-02
-5.842933860212384811e-02
4.983470740405504529e-03
-1.511922449047743422e-01
1.126626012959941470e-02
-1.070968353595080913e-02
-3.081331623546090803e-02
-1.056021288529687130e-01
-1.645309688829876826e-02
1.257935969948082988e-01
6.774925366951478622e-02
3.299339372998399966e-02
-1.757754220881044827e-01
3.512555882595402856e-02
-4.988975574501663957e-02
4.565893631394080110e-02
1.326575952654684976e-02
4.229536599308247879e-02
-5.759287252813760638e-02
5.071661778362090978e-02
-3.088513115514190943e-02
-7.067156567965704461e-02
-1.289505464263418499e-01
4.219910647494784506e-02
1.028481486252759147e-01
-1.341059600860413648e-01
-5.588205953180014340e-02
-7.422370064693861735e-02
3.271823875230595036e-02
-4.954220828650335307e-02
-7.401951426596453665e-02
-5.262937877132844999e-02
-1.200347331260021022e-01
-1.089130997053922023e-02
-1.595835051571610208e-01
-1.131455055928034525e-01
-4.265118389434729984e-02
-6.526438497254016813e-02
1.232392429498392339e-01
-1.363260320603231213e-01
-2.206506054401052852e-01
1.188037637749905784e-02
-6.956395085686473134e-02
1.220515115736509060e-03
3.483394347917356804e-02
-5.540648700901507073e-02
-6.340814536797889645e-02
2.525934006243746310e-02
-1.323581962524709166e-01
-7.984987831761525268e-02
-3.656315000433174589e-06
6.272352119523461056e-02
-6.858687615691749784e-03
-9.902551615670207585e-02
-8.316555871975483960e-02
-1.443567510532857145e-01
-6.203917096766187189e-02
4.977876914599388414e-03
-4.929994936713844034e-02
1.760532204320686134e-02
1.947037108198723665e-02
5.005263912114576996e-02
-7.667776550072535890e-02
-1.194982157484913987e-02
2.118139521251571900e-02
6.267975239417644673e-02
-3.978692170463793421e-02
3.803028865535740266e-03
-1.788959149111335467e-02
-1.095908941240149037e-01
-2.851345446170604481e-01
-1.039408128404537557e-01
-9.828963922306166445e-02
3.269690485682927861e-01
3.797264428228444011e-01
4.057719601075087112e-01
2.690181367260360279e-01
3.976239399875163283e-01
3.511179974561624562e-01
4.308161309128328842e-01
3.687100626588359908e-01
3.536234145197014733e-01
4.166456842193817511e-01
3.949752978480240984e-01
5.254134073009362194e-01
4.784328760276177483e-01
3.951183183410820199e-01
3.951695142901554547e-01
3.305364582155398967e-01
3.171774621574108277e-01
5.186450052539057776e-01
5.187497908609044472e-01
5.567804189262877124e-01
4.803089948705123735e-01
3.503268024738814823e-01
3.355488247081341857e-01
3.381456261139359487e-01
4.357316316054120620e-01
5.195864361410535981e-01
4.173442182364801578e-01
4.140485054199891657e-01
2.813554447095660827e-01
3.957793869809009824e-01
4.506308097904452303e-01
4.973827995692499115e-01
4.474228777170423665e-01
2.602863240726043248e-01
2.278003597913249578e-01
2.163862981796926821e-01
2.172798260094441769e-01
3.926395174681935885e-01
3.563863052082196781e-01
2.651627518527339689e-01
3.324701583082450007e-01
2.329166192968519233e-01
3.529489498745974618e-01
5.425614633551569810e-01
3.691960200623234378e-01
2.610564983845304887e-01
4.276550330810346967e-01
4.111815967103491509e-01
3.525089196980342177e-01
2.928736676653798110e-01
3.484419596508596673e-01
3.902611286934292156e-01
3.356052020620394760e-01
2.532340711397442767e-01
3.286874858160939716e-01
4.011723757421303826e-01
4.168886166893701617e-01
3.029530626021541551e-01
3.936275625761120889e-01
3.873902598347913617e-01
3.756465947380440706e-01
2.771586529978999902e-01
3.869575898442785267e-01
3.460174883495910070e-01
2.667913590232846577e-01
5.105514307183851574e-01
2.986626921265860268e-01
3.997880639017075133e-01
3.464649580103245086e-01
3.694866438666506436e-01
3.032251457871422140e-01
4.944067942402350369e-01
3.157428893317451024e-01
3.777030130462004642e-01
3.236073241871815220e-01
3.747649784216851021e-01
3.231043294898416907e-01
3.666372427478894469e-01
4.044710851970529930e-01
4.156767490603485715e-01
3.880490352099239537e-01
3.286253335521307495e-01
4.640999552336926293e-01
3.236516792728614256e-01
3.936642383725321714e-01
3.805491320030853775e-01
3.802165975282938426e-01
2.747658844200053796e-01
2.579149583962954129e-01
4.175771210384395804e-01
5.205468259933083708e-01
4.218290686901540187e-01
3.261564035807649198e-01
2.528703278684525380e-01
3.707539385027953660e-01
3.359541616553574084e-01
4.051423101612736666e-01
3.677842693467801016e-01
2.939928786478296363e-01
3.350790694112373291e-01
2.582996126148722205e-01
3.302606549172746320e-01
3.764227849561216921e-01
3.060611022344050802e-01
3.757948203398158160e-01
4.392852894053846935e-01
3.066490732108995143e-01
3.277466620441673584e-01
3.156133055648107089e-01
3.151934397585309799e-01
3.345727144571279954e-01
2.890466743000181804e-01
3.731651238828717077e-01
1.916531011637976345e-01
4.301843361233703700e-01
2.498747141873480793e-01
3.557943278002331233e-01
4.317354066218306308e-01
4.093274544364295942e-01
2.568762010959411146e-01
3.796172031924740509e-01
3.034426296376269150e-01
2.064676965964844513e-01
2.499345603323051002e-01
4.077807009797145277e-01
4.576687064247357828e-01
4.547845625014215187e-01
5.233022970548917296e-01
2.590147291545334962e-01
3.932090074318277395e-01
3.763483069807656012e-01
3.275487442165390117e-01
3.866826878444309390e-01
3.571095958961236772e-01
3.183260809346812881e-01
3.147209201109433252e-01
2.230031752770100795e-01
5.509403733935203107e-01
2.886174531841139146e-01
3.326128983357272695e-01
2.670303940921028296e-01
2.982936238538853591e-01
3.248518619090783321e-01
4.047231280400214182e-01
2.950262933469793847e-01
2.648886812944821756e-01
5.586956772926421344e-01
3.319255829227627519e-01
2.382642557971201835e-01
3.651995775055618676e-01
2.416483584838082788e-01
2.952655277427940206e-01
4.373122439467866940e-01
2.461431441584400748e-01
3.198933132195749263e-01
3.780929040665212959e-01
6.402362463871786868e-01
3.340807214302294881e-01
3.179058260102745059e-01
3.818603768764372575e-01
3.935987237463600685e-01
3.038050676535395400e-01
3.291448615825010027e-01
3.824532446352941761e-01
2.329938860446123527e-01
4.410728300709334526e-01
3.546870156628416648e-01
2.569967245150082125e-01
3.226952230526263232e-01
3.213675831081672651e-01
3.654401986051705187e-01
3.958327444563334296e-01
2.438098917495297169e-01
3.704268976836038174e-01
4.213842672434318093e-01
4.348320018964231259e-01
3.993795530840527075e-01
4.233911179332758845e-01
2.532075460999176908e-01
