1.569850527540972429e-01
-3.565144742558457036e-02
-2.978362671093315317e-02
1.590820339568832509e-02
2.833525001522119169e-05
-7.423158954287856215e-02
-5.894148899232121153e-03
6.921332113822842302e-04
1.892104809637247254e-01
8.009328076163479970e-02
-3.638484614904902159e-03
-1.893790870937017701e-02
6.666289544394832234e-02
3.654562592743726412e-02
7.765178721617083113e-04
7.398114579739245578e-02
5.804995524592593270e-02
-1.152707099424774562e-01
-5.547689190891424982e-02
-8.215997625471982424e-02
-3.808978774480653584e-02
4.456806452851047595e-02
-1.144739629346169796e-02
-7.409063934324922052e-02
-3.873944014462160634e-02
6.929204295591406826e-02
-1.146351852225309109e-01
-5.870865112564005450e-02
4.707107097933271866e-02
-7.520736909088387989e-03
-7.494416095678135825e-03
-1.119202621567234601e-01
8.076591861414872398e-02
2.351897208958164676e-02
-9.208171152496180678e-02
7.242182546363773454e-02
5.142036250617088022e-02
3.080556260243105804e-02
1.749753066345993702e-01
5.004726840103757013e-02
2.226742605941267605e-02
1.123983963474617376e-01
8.479322536714883896e-02
2.275283903771589955e-01
9.460426716698888683e-03
2.734023584896294601e-02
1.627013474760419243e-02
1.188461307368138264e-01
6.121012304187090081e-02
1.379844382865218488e-01
-1.801599512476548259e-02
1.073828125141598200e-01
-5.668654133233186343e-02
-6.706207629478422305e-02
-6.567703155411352967e-02
2.378055612912333139e-02
9.583330824167735074e-03
1.628830620699968090e-01
-8.790425411401969757e-02
-6.821117318279645847e-02
-1.683531245453062652e-02
-5.530410083718539926e-02
-6.563002786355065510e-02
5.862589600729051220e-02
1.128009889555670053e-01
9.165782573572278658e-02
1.869910335839541915e-02
3.231859101689771308e-03
4.196484267087097209e-02
-5.211147642390301371e-02
1.169139411753663538e-01
-1.793955993886231504e-02
-1.012525689069800894e-01
1.522360893113614555e-01
1.669333299980766405e-01
-6.811129664372761461e-02
1.748929349342820405e-01
1.026382109516834618e-01
-4.639766828590441428e-02
5.680273118041756497e-02
7.563687212194736276e-02
-3.149500826970141887e-02
-8.661299287521284640e-02
1.053997396165293754e-01
1.861140530373828206e-02
-7.717777481875032208e-02
1.739857224728553753e-01
-7.726273246259063310e-02
-8.843712537550740826e-02
-3.341375367880705660e-02
3.392391571233166481e-02
-9.877359933255802638e-02
-1.242165823173584371e-01
7.991270315193044205e-02
3.785352575264244734e-02
-8.701087987666811241e-02
-8.650873249923418662e-03
-2.009553541359432316e-02
-2.895591248389006722e-02
-9.967383525797279820e-02
1.681082308754411336e-02
2.846604556232712468e-02
7.246573419872293087e-02
-4.321077694825736781e-02
-4.509005803354670938e-03
1.025900122633307543e-01
1.751565895136186768e-02
3.789699947670688296e-02
3.195164581394038805e-02
-3.404473130509855228e-02
-8.819827829571846856e-02
-1.223882809622998113e-01
-6.804328132074377589e-02
1.028595085052117497e-01
-1.780784134462898294e-02
9.711509136716234281e-02
1.058558885589642173e-01
7.559401094548179323e-02
-2.307447164406017936e-02
3.465510739080812641e-02
8.167642868249780363e-03
-1.931891330239265958e-02
3.776127039114562933e-04
1.069554968752877144e-01
3.662880902607135170e-02
5.035443729607336216e-02
2.559149966422147315e-02
1.277060670478031845e-01
-2.614457613601550712e-02
1.126886946659411137e-03
-5.782979045622216319e-02
-2.002263431758777301e-02
5.116340836797439451e-02
-2.010764623844282228e-01
7.159346840173164139e-02
-3.147531108521306464e-02
8.048278700562350174e-02
1.029760651621185463e-01
5.541642362307097613e-02
-3.563510466694330692e-02
1.334533164657305537e-01
1.143223442324581285e-02
-5.248807262990928812e-03
-8.525363991275913822e-02
1.694892848771911709e-02
6.530188258424773906e-03
3.956991293403966381e-02
5.642421243653661378e-03
1.526957355277012152e-01
-2.475315069717443084e-02
2.602841523933085988e-02
-6.338229945552220634e-03
-7.111002448119663200e-02
3.763364333076268942e-02
4.898291005939880982e-02
2.158194060145146587e-02
3.937371795799116114e-02
-8.159659880380809582e-02
5.223771099984242383e-02
-7.518694560252242587e-01
-9.163212493947678894e-01
-7.449079705729764189e-01
-6.771371968485530024e-01
-7.441252959316817517e-01
-6.300884207064649800e-01
-7.896829501731632561e-01
-8.023715647605521584e-01
-6.990516607861260168e-01
-8.005074820333828445e-01
-6.701887489019178190e-01
-8.404646574224323707e-01
-7.275214405728284150e-01
-8.416690114632141562e-01
-5.964222019449225698e-01
-8.146648548303996318e-01
-8.455312975593076708e-01
-8.679895438215571302e-01
-7.883084881975205294e-01
-8.622328161628436405e-01
-8.170267229356531491e-01
-8.578632103553297528e-01
-8.583474199873103450e-01
-7.615973719268813724e-01
-8.156680891554094481e-01
-8.285069214953499905e-01
-7.055502493484313575e-01
-8.125561291441618650e-01
-7.484701224778421702e-01
-6.531577967530624029e-01
-8.233681241125233585e-01
-8.233409650788856560e-01
-7.701215737707647335e-01
-6.663740624949875402e-01
-8.455708959803662772e-01
-5.760631553325588072e-01
-6.718018151046643016e-01
-6.736487446926276990e-01
-6.613670707097732970e-01
-8.221427782751362656e-01
-6.573822617349556197e-01
-7.792265275899578070e-01
-7.911823435213050093e-01
-8.222128644214532489e-01
-7.900105268518634594e-01
-8.217979825837132823e-01
-8.470612573537213974e-01
-8.857479250167087370e-01
-7.325626420277706607e-01
-8.034520687525027460e-01
-6.859243891069961574e-01
-7.340376162981101515e-01
-9.143246298855455256e-01
-6.773273472130917350e-01
-6.171538099364137775e-01
-8.091282767867430392e-01
-8.924257745886901017e-01
-8.518308627628726759e-01
-8.022951120172127082e-01
-7.639620413025203227e-01
-7.081882174134344066e-01
-7.389585810050381953e-01
-6.570371691731680119e-01
-7.590776245308784587e-01
-8.554401850771565785e-01
-6.678318285130903087e-01
-6.976244976775167750e-01
-7.177236359034464552e-01
-8.175721055995149866e-01
-6.906986529699310484e-01
-8.170968393601121260e-01
-7.208149169518522914e-01
-7.174973983858314863e-01
-8.879401938134644512e-01
-7.454586227782958874e-01
-8.058139064641706151e-01
-7.583741212149566202e-01
-1.000000000000000000e+00
-7.342833618410532504e-01
-7.090765790042402594e-01
-8.827284200450078444e-01
-7.702853018731224966e-01
-7.718869982406504349e-01
-8.642252568045035721e-01
-6.932510388608530416e-01
-8.048422864213684580e-01
-8.234681351717401121e-01
-7.882863784371501037e-01
-6.074429836006024486e-01
-8.943758295253414481e-01
-6.844981849102953486e-01
-6.679568486363707258e-01
-6.869705982435221348e-01
-6.711612648039220197e-01
-7.955560205044225341e-01
-6.446868574523297868e-01
-7.033287933552063720e-01
-9.457246208771707963e-01
-7.368580618872591081e-01
-7.615444859936582045e-01
-7.027854117831739966e-01
-8.595747092959047375e-01
-7.694315571985108626e-01
-7.585898009517537677e-01
-7.915741284990204241e-01
-6.267054331825548941e-01
-6.614787468465517239e-01
-8.193480629312321906e-01
-7.174155457362063615e-01
-6.036328568677310491e-01
-6.956474507538479291e-01
-7.776605572072988748e-01
-8.675938423203464200e-01
-6.810310400807608744e-01
-7.043449082013875095e-01
-8.011772969857863247e-01
-7.368485233953221414e-01
-8.395669921099320199e-01
-7.385697168925936529e-01
-6.352090489517974170e-01
-9.344140411475442276e-01
-7.787584305529353657e-01
-6.059748596807187360e-01
-6.243989107331886501e-01
-7.596103404608818277e-01
-8.920796506905180889e-01
-7.357011989035817656e-01
-7.926110764831515443e-01
-8.226406984487421026e-01
-8.469742864149527595e-01
-6.660660554568006431e-01
-7.629908641988628615e-01
-7.213153857371561450e-01
-8.408353836323056996e-01
-7.084664908584223930e-01
-7.605521184501329301e-01
-8.989642124522204680e-01
-7.927623786333205524e-01
-6.489630457978471378e-01
-8.163820369774248409e-01
-6.897900742878528835e-01
-4.773787979418115945e-01
-8.267252478729802956e-01
-7.435235258676307080e-01
-6.163864928191840065e-01
-7.528984765808108826e-01
-7.209514337111733173e-01
-5.175293432220042789e-01
-9.793178383943432763e-01
-6.440369273776198611e-01
-7.543899583236013395e-01
-7.583885785513404532e-01
-6.435832462097667017e-01
-5.926189371134211736e-01
-7.584320124142817088e-01
-7.666261510393017620e-01
-8.284207102491178976e-01
-8.241576615150094653e-01
-8.008347601428675855e-01
-8.567416318299787559e-01
-7.365304269890935451e-01
-7.909942765519492047e-01
-6.806851486799379014e-01
-8.360985022274232126e-01
-8.006147928514230072e-01
-7.409798473033877286e-01
-6.803534934915347332e-01
-7.337167671126947344e-01
-7.834102153049824491e-01
-6.247588181420253850e-01
-7.098088596098687253e-01
-7.368611534986684308e-01
-8.153608297239854918e-01
-8.106618947314393475e-01
-8.210965589416540089e-01
-8.629802814278533241e-01
-8.819904482144278468e-01
-6.853041508182395880e-01
-8.336166645563627409e-01
-8.823916050734854633e-01
-6.961156086086008887e-01
-8.447760212995426565e-01
-7.758083994779679804e-01
-8.458424810807620986e-01
-7.138232356554138347e-01
-8.592024017212549492e-01
-7.711502496764348624e-01
-7.121945038567141228e-01
-6.642921778070709493e-01
-6.196959693548103054e-01
-7.746420135210305702e-01
-6.639527130132326649e-01
-8.166103441436476373e-01
-8.086871846935519415e-01
-7.022497372727170006e-01
-7.857751291012678996e-01
-7.797345168049163444e-01
-8.583521142427619210e-01
-7.070801914705472369e-01
-6.426051802156971249e-01
-7.462702058335435318e-01
-7.392033451609154593e-01
-6.725699902496358185e-01
-7.356181941802613089e-01
-8.099048358877081188e-01
-7.188434868858751825e-01
-6.816866668728425172e-01
-8.145603750943479771e-01
-8.746490095095725836e-01
-8.505414955767652829e-01
-7.936752758487023440e-01
-8.080015612461606267e-01
-7.202338696634380533e-01
-6.326459726705935260e-01
-6.929581283782414447e-01
-7.398720625464899614e-01
-7.436606117313306896e-01
-7.594135892804927401e-01
-6.550395483101685290e-01
-6.654294815452753697e-01
-7.972669857005987293e-01
-7.019855524822242732e-01
-6.429958653469248775e-01
-5.995447114810941169e-01
-7.789965697545968570e-01
-7.146306592272747560e-01
-7.468408775515287257e-01
-8.435468716570779790e-01
-8.312464585795129590e-01
-7.808452594018825410e-01
-6.359378948464522452e-01
-7.585130208632135940e-01
-6.728322653727280001e-01
-7.045460573332109622e-01
-5.941868513176659095e-01
-7.872035042583733766e-01
-8.838722575599080589e-01
-6.730141704981515982e-01
-6.036197974882215878e-01
-7.678823003605110831e-01
-7.861908819704579443e-01
-5.303949553968997366e-01
-8.860625548995935130e-01
-7.152388086320200511e-01
-7.242477154728996780e-01
-6.459225935610145575e-01
-7.253056753120611377e-01
-7.166095331281331360e-01
-8.132397935982660364e-01
-8.596193664237582466e-01
-7.447534162368456556e-01
-8.120107814425523429e-01
-8.058400779841067285e-01
-6.383471997879821558e-01
-7.668276321517742966e-01
-8.015473826941623692e-01
-7.431097440518528163e-01
-7.303754720220103636e-01
-8.228826749235902405e-01
-6.660346605900309136e-01
-7.121215477577574893e-01
-8.043751241192691470e-01
-8.814370998759101239e-01
-6.744077939311798886e-01
-7.511384960342004646e-01
-7.576735691733689215e-01
-7.277830102187381467e-01
-7.946873646547115699e-01
-7.716299648036153425e-01
-7.327889945377955572e-01
-7.438276376509969090e-01
-8.413308331530406914e-01
-8.382141206346154227e-01
-7.554763758848910271e-01
-6.741673028546151247e-01
-7.231797817600290612e-01
-8.167714677804559509e-01
-8.645673825384880828e-01
-9.104826773916617766e-01
-9.274139153923552925e-01
-8.260262121663964896e-01
-8.507188415006106119e-01
-8.238762023341824614e-01
-7.084762472066048478e-01
-7.808939867308043459e-01
-7.027107064632243105e-01
-6.258270743550822246e-01
-8.071591200764964835e-01
-9.207841769503526397e-01
-6.885655515054501796e-01
-7.273820386599205712e-01
-6.876059246184857976e-01
-8.192398714901079071e-01
-7.237433945925546563e-01
-6.937951866020075631e-01
-8.349080562954169782e-01
-6.743407785010500088e-01
-6.730254799190070747e-01
-7.924061442498762098e-01
-7.086299592525026059e-01
-6.267380179879067370e-01
-7.422379116574715496e-01
-5.917540807175372120e-01
-6.357258327171320111e-01
-6.656715848036032224e-01
-7.839135663989161840e-01
-8.069163126284657483e-01
-6.515027011864669149e-01
-7.389310306878353884e-01
-7.699265996925861444e-01
-7.798451689468219872e-01
-6.627286073546103662e-01
-8.321952677794465236e-01
-6.524786252330785352e-01
-6.603479629454382938e-01
-7.612379097695889385e-01
-7.380777955070596530e-01
-7.258683978285390692e-01
-3.907934026385901927e-01
-4.307045529190056676e-01
-3.406945688569330555e-01
-3.286972449579207423e-01
-3.330763166757182425e-01
-3.510813238681460557e-01
-3.703781097112988085e-01
-2.562129891805271509e-01
-3.749983959558071955e-01
-3.803002584540366993e-01
-3.535565417082902062e-01
-4.235919036673023719e-01
-2.469158247899755354e-01
-2.112779594236189329e-01
-2.601205978984338918e-01
-4.053023710762683196e-01
-3.163777286487230445e-01
-2.924585130201579064e-01
-4.744813083772798645e-01
-4.869903987802465251e-01
-2.715389201605591385e-01
-3.712330957148888277e-01
-3.556495003771642516e-01
-3.193031653875798570e-01
-5.258366054971223003e-01
-4.466735891123243540e-01
-4.810300636082577297e-01
-3.610957029592722911e-01
-3.695039966272747334e-01
-4.511859227600839573e-01
-3.001246332401261707e-01
-2.888900683506206990e-01
-2.729105838121783645e-01
-4.349929467286486329e-01
-4.432772456573103037e-01
-5.192796272465660667e-01
-3.919590153635854612e-01
-3.805834821778948385e-01
-4.261643175548152085e-01
-3.409593287759825619e-01
-4.118867537848297511e-01
-3.563473191852040145e-01
-3.429323508724465563e-01
-3.160141290044060636e-01
-3.878878176086295593e-01
-2.779489930614882365e-01
-4.904722782993052865e-01
-3.042166703106846670e-01
-4.229593025173844500e-01
-2.780564394024408470e-01
-3.353922149794010821e-01
-2.541794639772181341e-01
-4.080945023048191400e-01
-4.717284682792921569e-01
-3.038310396018608639e-01
-3.344058220729126951e-01
-3.298906595483735993e-01
-4.153971481389552300e-01
-4.045106850456356984e-01
-3.176485215748490187e-01
-2.726941416269970109e-01
-3.964930762105383089e-01
-3.193753195895283614e-01
-3.784495872865764055e-01
-3.605548863628941225e-01
-4.585509674376700984e-01
-4.456845348145298535e-01
-4.993385876341429608e-01
-3.052714872332030760e-01
-2.966266296895461174e-01
-5.211239521607187175e-01
-3.402885691275031599e-01
-4.358698359695158953e-01
-4.318505234903474710e-01
-4.788512352573066622e-01
-2.985867813852026709e-01
-4.591795406500198684e-01
-3.538829246419791241e-01
-3.544612831845606049e-01
-3.579370689272222128e-01
-3.077595607565929425e-01
-4.496678081328704391e-01
-3.156142728313509060e-01
-3.192964468035540682e-01
-3.005037031533024372e-01
-3.684247494872944229e-01
-3.346623938887843819e-01
-3.627307793401890468e-01
-3.829313328887188339e-01
-3.264489682736260168e-01
-4.190005281025084294e-01
-4.317921382917234707e-01
-3.004584966749788144e-01
-4.397676782355094405e-01
-2.382575195550288294e-01
-4.291528720048557455e-01
-3.437796192150610608e-01
-4.314106405790916199e-01
-3.783307611193813536e-01
-2.442196783413953520e-01
-2.588014017649478138e-01
-2.863312470251204722e-01
-3.085292477419540047e-01
-2.512664329651951300e-01
-4.593274049508138113e-01
-3.055387184378699494e-01
-4.075014399053797920e-01
-4.698410229226811508e-01
-3.446372494431182432e-01
-3.712817357825156650e-01
-4.007184119988604909e-01
-3.347521743562918983e-01
-5.004274343206835951e-01
-4.601991603421233812e-01
-2.864676406948196696e-01
-4.648331198124907582e-01
-5.090580726053789418e-01
-3.731397888379665018e-01
-4.743664871109174452e-01
-2.302698149910730185e-01
-3.007057050887780303e-01
-4.210437237960408252e-01
-4.743206548523547506e-01
-4.383407192505762717e-01
-2.313318977913209062e-01
-2.560932304470404652e-01
-4.670807252507096496e-01
-5.225606667685597229e-01
-3.158015454188143334e-01
4.568450152399130548e-01
3.150589887563035596e-01
4.093975252104082863e-01
6.189887261931554807e-01
4.858781676390684368e-01
2.271611836947833307e-01
4.826484764717866582e-01
3.661547279893462292e-01
3.137449380376495789e-01
4.070790345481436479e-01
3.602741380580911645e-01
4.861930914604735143e-01
3.730721399014251816e-01
4.875169597036863589e-01
5.102411093332850367e-01
4.078260175323242809e-01
4.697329103496530323e-01
5.356543496837784524e-01
4.111345206609002823e-01
3.321049335772847666e-01
4.196394491928727710e-01
5.355344533258203921e-01
4.106592715707813035e-01
3.727101359715991880e-01
3.786859724139504113e-01
4.151263929204707104e-01
4.721673567159430096e-01
2.462667884814428998e-01
4.973531169593299328e-01
4.325633072407379931e-01
4.087017516021631547e-01
3.561394469419121300e-01
2.584198890691060679e-01
4.851440174242773740e-01
3.526541499436637306e-01
3.206740391290860970e-01
2.754541078985739411e-01
4.392197333749727761e-01
3.900265982729353986e-01
5.030537023688441689e-01
2.837816629036777893e-01
3.869469251993871151e-01
3.368877475934517474e-01
2.943313720296647507e-01
4.046004349252187993e-01
3.194508265580515705e-01
4.368811944231472122e-01
5.969076588887487489e-01
4.584946795777362638e-01
2.925389730659790910e-01
2.572496831943822393e-01
4.370643712573734074e-01
4.238665795486471488e-01
4.896218010542874310e-01
3.854011161152326448e-01
3.253490380769699097e-01
3.764311721440198877e-01
3.129215526461524011e-01
2.985792269448708236e-01
4.493996644072637547e-01
4.431652142411310891e-01
4.156791905518404384e-01
3.496689821971445955e-01
2.594586863884673633e-01
4.119838505968111964e-01
3.562507848079572437e-01
4.643756152250275715e-01
3.687340239455008106e-01
4.511858849024581453e-01
4.059250455121432566e-01
5.551536417147373559e-01
4.664105042390325195e-01
3.766298557922300727e-01
4.716290837908865274e-01
3.760235255805199905e-01
5.932363937668583276e-01
3.676933581986143729e-01
3.950540317273145696e-01
2.929365665831704657e-01
4.704791095400069345e-01
1.915549387713393337e-01
4.073299645926844459e-01
3.687894569341365614e-01
4.416122962873043623e-01
3.170115542076115123e-01
3.789365574792218361e-01
4.524857181482331292e-01
4.482493507851477155e-01
3.515042753184187685e-01
3.592291735990476020e-01
4.396095808964506357e-01
3.884889423524189311e-01
4.859964439169952577e-01
1.922970229098530659e-01
3.248488052564060258e-01
5.343507918219656538e-01
4.530747997541983985e-01
3.302305624870096601e-01
4.041712320745551867e-01
4.767073702526274381e-01
3.353771140989458832e-01
3.851283436039474317e-01
4.873963117339730200e-01
4.177119253718097891e-01
5.467879409528335621e-01
3.017472244362318090e-01
4.497617188641331865e-01
3.217317963861507923e-01
4.730506347760596864e-01
4.099387314861873133e-01
4.165696188771268460e-01
5.076220195405922730e-01
3.328134515365894774e-01
4.998574997210052384e-01
3.807973247141602791e-01
6.791903710481548284e-01
4.327865617338593207e-01
3.805820218783182440e-01
4.295446381042897777e-01
3.222695987415880037e-01
4.975180961439629179e-01
3.708670819801831442e-01
3.554096596330247326e-01
4.456866417429627969e-01
4.320218787074088240e-01
3.589565773011391681e-01
4.664950836918957400e-01
4.173632762161039178e-01
3.274453533273615768e-01
3.680437239880516298e-01
4.731696058732830501e-01
2.904625030845660039e-01
3.707355495068371809e-01
5.133851868698562360e-01
3.872583277228309750e-01
2.568488462342222167e-01
3.521934258260157602e-01
3.619709848580652256e-01
3.362512002440631864e-01
2.894976396742701130e-01
4.067660592494877214e-01
5.039555246012550338e-01
5.486661969796773342e-01
3.158469940491908101e-01
5.697406802340365672e-01
4.074622358839665726e-01
3.361820364272909423e-01
4.947943775445668990e-01
4.036249236083913061e-01
3.829664200904707716e-01
4.014427203307775471e-01
3.423891420817088971e-01
3.621818199871527089e-01
4.154812338058466725e-01
4.070609651490915137e-01
4.019947007788966520e-01
3.049476458317876837e-01
2.712646583523943278e-01
3.907595319733394579e-01
3.472980416277111626e-01
4.013372921253510750e-01
3.843504157549824107e-01
3.219779618965077361e-01
4.194225164917284587e-01
3.995960092523878071e-01
3.951417923429001444e-01
3.031781330598317670e-01
4.464026598943302560e-01
3.490224476040089119e-01
3.691926476596754103e-01
4.805525062174105244e-01
3.447139852563296802e-01
4.345720710106526496e-01
4.319447483033747037e-01
3.720063931200541241e-01
4.634590149659105762e-01
4.503151014558184340e-01
4.796307468110436734e-01
4.616858155781482509e-01
3.172399728338226588e-01
4.939085637875104684e-01
3.227813737665856664e-01
4.384004931717722098e-01
3.223760075404196179e-01
4.557808131217595538e-01
3.894369718187820073e-01
2.852864932518111019e-01
4.402476490486268990e-01
3.671496691398983270e-01
2.709697652136409118e-01
5.753278011247389134e-01
3.307843621605093265e-01
3.806975559289809130e-01
3.240135469046170336e-01
3.471599096386370764e-01
4.008406943858664473e-01
3.540010204765970947e-01
4.564428736685994803e-01
4.808511810223445870e-01
4.573887344537710398e-01
4.253613929174671071e-01
5.657001888942592149e-01
3.120368608915309316e-01
4.306335014823015062e-01
3.157409643319986081e-01
5.377413090890612590e-01
4.351439252951059267e-01
3.687226042553866101e-01
5.514269973684002846e-01
4.145964200394194332e-01
5.148577856146570042e-01
4.708196937393696047e-01
3.264402057221684750e-01
3.105915201927142988e-01
4.138535533048715020e-01
4.264240870072109058e-01
3.954616903423182617e-01
3.685671999806441335e-01
3.497870303417776050e-01
3.921053621671350964e-01
4.746471237454188419e-01
3.119272601126286126e-01
4.324477797234109744e-01
4.060447930351367418e-01
4.717182395558687791e-01
4.006344972614594990e-01
4.971288049785453911e-01
2.903818794368095979e-01
4.248464782631546921e-01
4.833013362598359564e-01
4.950492607019236768e-01
4.350726916323446325e-01
4.689181569916220926e-01
4.114480108042306572e-01
3.315131213829467516e-01
4.005490084161746900e-01
4.715790747847936615e-01
4.097999232939095737e-01
4.128214450430247595e-01
4.071574502857140399e-01
4.660128467161832599e-01
4.431674925545201482e-01
3.357471457071010690e-01
4.477715647261659715e-01
4.651657910803261853e-01
4.642707904169043331e-01
2.952976986189785880e-01
3.987081535930248055e-01
4.165423485728054764e-01
2.382699797838472300e-01
4.408976247796108083e-01
3.444669348542557241e-01
2.307622685023704712e-01
4.088635561794142781e-01
3.793771652951718476e-01
3.035289941366041688e-01
4.939218107672649349e-01
3.021056425208801244e-01
4.056707446015137553e-01
4.232150895438659965e-01
3.497836791326056627e-01
2.376240069299764279e-01
5.159819258039932688e-01
4.499462233986282200e-01
3.020487522397268254e-01
3.159965173943777295e-01
3.221950281238326053e-01
3.249624903996253256e-01
4.566039094850402602e-01
3.607229239094915663e-01
4.007801374569734953e-01
3.403582206306690061e-01
4.959331748131226014e-01
3.795660061135048835e-01
5.418811333114135209e-01
1.476006190900578385e-01
4.137984971000003842e-01
3.196007346865361587e-01
5.025112275704202158e-01
3.745227461729807583e-01
4.093010129950596099e-01
3.002826672962770616e-01
4.958336042557343060e-01
3.783182091227934585e-01
3.595186996956536429e-01
3.301571542114396518e-01
3.437472027081185377e-01
3.100769740410962427e-01
3.757167617977081875e-01
4.846709834889775248e-01
4.612574548160586208e-01
3.690019230730141597e-01
5.076800217149657346e-01
3.704984055529003673e-01
3.320204224310532304e-01
3.423070133972501150e-01
3.602841684080890783e-01
3.681756216416014471e-01
5.826742549238412838e-01
4.267959644127332641e-01
2.678914862909644867e-01
2.971653549796626770e-01
4.311649862007700396e-01
4.180566990355316648e-01
4.535548528746333741e-01
4.062032215222153297e-01
5.523218253164379199e-01
4.890039696118924084e-01
4.746428318374105171e-01
2.916007563166478356e-01
4.500922935913804768e-01
3.494044568053276123e-01
5.173808369446066813e-01
4.689653510980724693e-01
3.469424991443921247e-01
4.305236279275632683e-01
4.512265438875266987e-01
3.203231191423163704e-01
4.686324036653524150e-01
3.364698306185327503e-01
3.102351621054262321e-01
5.362912001217425839e-01
3.690986337200878875e-01
5.168954483460093119e-01
4.301077363370062745e-01
4.205947829802694216e-01
5.066270491214193150e-01
2.744057399830874822e-01
3.554978320726633889e-01
4.156432552400084468e-01
5.450143034356036420e-01
3.109797456111296210e-01
4.835446433099168662e-01
2.553471488716654303e-01
4.074840698502548708e-01
3.746773299933894297e-01
4.396397782932774945e-01
3.756456119419293582e-01
2.736132576509757719e-01
5.268767753818655031e-01
5.427049469817932792e-01
4.254124846894515866e-01
3.730444106405679250e-01
4.723690295843179232e-01
3.542715852824707135e-01
4.635201866630465073e-01
4.178545828555229047e-01
5.084605129145005620e-01
4.360443405380105553e-01
4.711784629687145731e-01
2.881360185778893968e-01
3.091802680147566207e-01
4.512927815651517349e-01
4.326754635033911445e-01
3.090977773678056373e-01
6.000078825574102215e-01
3.264390709720335071e-01
4.312964993636165811e-01
4.172788520535981593e-01
3.431158029870291504e-01
2.895809791487846674e-01
4.572904836180866628e-01
3.015968872862897499e-01
3.953946749403296490e-01
3.893587645699905231e-01
3.861783428314062849e-01
3.787312156070572478e-01
3.653629885087072982e-01
3.773239187524202176e-01
4.559190775885455515e-01
3.307490700547501827e-01
4.871116308950214080e-01
2.989803839034470556e-01
4.830354961185314711e-01
4.558448487056863119e-01
4.241700298938804181e-01
4.238530780583646962e-01
4.812819050830046130e-01
3.384049946189411351e-01
5.058977633149546183e-01
3.993237504509126179e-01
2.883621379140095531e-01
4.647205521550503704e-01
4.312860805430018818e-01
4.257506046538701572e-01
5.219712601466157675e-01
4.306636925701872176e-01
4.818172163318525936e-01
4.568918055499964215e-01
3.456881787223629043e-01
3.723834884719394722e-01
4.531052817716396675e-01
4.167235114579743716e-01
2.827323497951639286e-01
3.848633804709860051e-01
4.361342977518221087e-01
3.869155801363479696e-01
5.647878246837312322e-01
3.437529355389279395e-01
4.279020951143086560e-01
4.109054227431765405e-01
2.221358005749320963e-01
3.663360927326766436e-01
3.175589266870584293e-01
2.282192361247692425e-01
5.016818110759349025e-01
3.533978664739825248e-01
3.843647850396731958e-01
3.221517892954408602e-01
3.408225590467417465e-01
4.959436861025239285e-01
5.294868800211982585e-01
3.450567546910128236e-01
3.676532326791623895e-01
4.323952234814816276e-01
5.594645377733054037e-01
4.685373096095306611e-01
2.873795204217539645e-01
5.265393307859298488e-01
4.467041592612102097e-01
4.677347236308562195e-01
4.847431541895950158e-01
5.568656380069290091e-01
4.014137158954624862e-01
3.544927262043984229e-01
4.761066413350036886e-01
3.569858749446470636e-01
3.356957304262888631e-01
3.673573882326093276e-01
5.112150767167389365e-01
4.075391332531048683e-01
2.767543876412723591e-01
6.283796034332727043e-01
3.982687285062735949e-01
3.640013006346869417e-01
4.617128521321736123e-01
1.895262306754441628e-01
4.216324015565753314e-01
4.321055149284271923e-01
4.500565331919985645e-01
3.541686658148417433e-01
1.880055644603713105e-01
4.329718463935323669e-01
2.801502795021535430e-01
3.455609524427942780e-01
3.974673724749002712e-01
4.877438060649739171e-01
4.459884070479895879e-01
4.449206818618720582e-01
3.406304627363860860e-01
4.478292026696961692e-01
3.690873106627192701e-01
3.635569329962768936e-01
4.454735704382244421e-01
5.509030913789225714e-01
3.701568080512611658e-01
4.429189189326006026e-01
4.311077667428397930e-01
4.246341040653003329e-01
4.325334338077633234e-01
4.486747794936414291e-01
4.545801967271958510e-01
3.963929585506886788e-01
6.185015377770126666e-01
4.602969139639874196e-01
4.680746296876119317e-01
3.922189179579620433e-01
2.173139679962639015e-01
3.893933137562319846e-01
3.954016714396797472e-01
3.765133985912620940e-01
4.704661901552393832e-01
4.293088488507688094e-01
4.830788055224577437e-01
4.736573449193075547e-01
5.116322405352105029e-01
3.788899294499257220e-01
3.450343262946888867e-01
4.361669010782267542e-01
6.210296232050764864e-01
2.359872582612485559e-01
4.481651951484295626e-01
4.132316385796244163e-01
5.812424538008387209e-01
4.564202818994289590e-01
4.764193905385813999e-01
5.739964820695513392e-01
3.057077215094370359e-01
2.337104244973711165e-01
4.081269928680064663e-01
4.732561190399742213e-01
4.965308283930074396e-01
4.013657084619173254e-01
5.212993385981259387e-01
2.703658483115223277e-01
4.259965742168121405e-01
3.361781411625897054e-01
3.907071160927639841e-01
5.011980314878863307e-01
4.463080362972151605e-01
3.472789127057824832e-01
4.733549033464719002e-01
4.098219571553571861e-01
4.906146615793431920e-01
4.688319988273144112e-01
4.479196902081719056e-01
4.128332028218553162e-01
4.210571991224270061e-01
4.182507971124234114e-01
4.847423234943639692e-01
3.577288428612830362e-01
4.468817558686075664e-01
5.329166277381884864e-01
4.967982873810887767e-01
4.308946348733211362e-01
2.582730445145924314e-01
5.027426631612625929e-01
2.965892812489621111e-01
6.125420356314594805e-01
3.630575769621371407e-01
3.507744927597387097e-01
2.433389277897299863e-01
4.073739811445253878e-01
3.731337274516841607e-01
4.127539021901165395e-01
3.833171044073531153e-01
3.886378266635663881e-01
3.608436927929101756e-01
5.596628919403641156e-01
3.479073341627787475e-01
3.422282112006547194e-01
4.054595948137855732e-01
4.418064983977081361e-01
3.245579458310141607e-01
3.938638941453340703e-01
3.681020061910080798e-01
3.981074192508327059e-01
3.793170507507088729e-01
4.260309480013824146e-01
3.449002710167521357e-01
5.045575127616779287e-01
4.029985397464903585e-01
4.572514743851279206e-01
5.336554170881193659e-01
5.086088203103225069e-01
3.447546361435971374e-01
5.069814357633071200e-01
5.471806833988854812e-01
3.690730694581854099e-01
4.285846500201511144e-01
4.216348680835126927e-01
4.032871959685533358e-01
3.613003759956083805e-01
4.167635885446230315e-01
4.063582221568526887e-01
3.744336916444199748e-01
3.187069579485295456e-01
5.490707395034561955e-01
3.573406079676486602e-01
3.809597125710304510e-01
4.431722906017523389e-01
4.279359571036864818e-01
3.007004465749816280e-01
4.037175100608918488e-01
3.487195686744282153e-01
4.338115452632720359e-01
3.459398909705182490e-01
5.631731915717004266e-01
5.530587435762213122e-01
3.170509906921989973e-01
5.631286232819250337e-01
5.519879921854169424e-01
4.072563871253691570e-01
4.064920535512259736e-01
4.253935779669812955e-01
4.006617253459092698e-01
3.903106211530513736e-01
5.123273583281859889e-01
3.327863150918872748e-01
5.740563319297655731e-01
4.150433810480571584e-01
4.822959377796904867e-01
3.855038633736878051e-01
4.138130496575511685e-01
3.555435431497218079e-01
3.123328790100663443e-01
4.461964957765198747e-01
5.240025340345388916e-01
3.392352740683779455e-01
4.550851300759202189e-01
4.510399413240102628e-01
4.766163264360891993e-01
3.172864985324828080e-01
3.865181960092154423e-01
2.329791719037237474e-01
4.105371843395191345e-01
4.307842422797159010e-01
2.493185880563177914e-01
7.083420789407890439e-02
-7.410285493211243857e-02
-3.078874259081443299e-02
-1.644390308816423563e-02
2.432420295210446781e-02
1.172034246933446600e-01
7.029808812281879149e-02
-1.204117696512093660e-01
5.519757941829439574e-02
-2.436903710474791485e-02
4.844147258124076316e-02
-6.170830257599824176e-02
5.548745571390889531e-02
-2.430846315038437400e-02
3.854455868132244944e-02
6.678789835967369193e-02
-3.664641860985640154e-02
2.087734490368142737e-01
1.735854819867375110e-01
-9.202741146012083373e-02
-2.688142123727466082e-02
-3.015258612975857400e-02
-1.305651540435374125e-01
1.302264913479942443e-01
1.253328499858610279e-01
1.607237462429116359e-01
1.026451670442634079e-01
-5.485230118467987470e-02
2.411806727945318141e-01
1.921318811431604878e-02
-1.238509298206785791e-01
-9.056575472135008908e-03
2.486584978784600608e-02
1.974616281826357955e-02
-2.513288040852845739e-02
-4.326518162773507203e-02
3.261731767500686274e-02
1.218433451234273157e-01
5.277316431568834787e-02
1.369815596801025048e-01
-9.049233261991473931e-02
2.169415334405271345e-01
9.788417552986716785e-02
-3.863952855185037727e-03
1.175401438508680840e-01
1.221300254646162653e-01
-5.473770190472448949e-02
3.129677193907332011e-02
1.848627503780342352e-02
6.443580756329714276e-02
1.840909323068484760e-02
1.132840765223979140e-01
-8.338712107403978280e-02
-1.415429832601899918e-03
7.048269735804102432e-02
9.531410870935252966e-02
-2.334899997341355338e-02
1.890711260875521660e-02
-3.675030283219260507e-02
-1.059268314558174939e-01
1.111616885202959537e-02
1.408995314147440947e-01
6.149362214224507461e-02
6.533229277940533208e-02
-1.014439596747296335e-01
5.541729465805134147e-02
-1.504848417486084333e-01
-7.414437743091162325e-02
-3.582186728621772343e-02
-5.456461971316328707e-02
2.477315045918049297e-01
-4.540615596132946408e-02
-6.206751591380521571e-02
6.526617933757994372e-02
1.378505909790264106e-01
-1.274254040242712716e-01
-1.530062172196000603e-02
9.720668571479373909e-02
-1.763318852327311337e-02
1.175321079125712931e-01
7.574171053375255980e-02
4.215478987347731632e-02
-4.755169471887721322e-02
2.277954763380507508e-02
-3.403352653642044423e-02
1.308824959821217604e-01
8.113247021691383232e-02
-7.813723084359169846e-02
-2.067216989154335716e-01
6.537890845357519076e-02
7.103325070001709207e-02
5.339401101163443464e-02
1.099975451152288564e-01
-1.056012829230521533e-01
5.156001182432978780e-02
-8.107958918269209114e-03
2.635638892306091385e-02
1.502295946128273663e-02
1.600120096854809049e-01
9.215865881632478995e-02
-6.315018472121702864e-02
6.797059616360723311e-02
2.011664322935846627e-02
-8.591240445974912543e-02
2.238641865381363338e-02
1.428499911437370873e-01
-8.216692184234752894e-02
-1.076134048419182809e-01
1.820729099114881677e-02
-1.815596702975375010e-03
3.860460560441691946e-02
3.911637859332439682e-02
-3.992379246821609051e-03
1.611514622898972959e-01
2.713907693321426784e-02
-1.947977348893759064e-02
1.466305779418108912e-02
1.033574774362682192e-01
-8.563140396860624559e-02
6.040858214319189123e-02
8.931589558961872122e-02
-4.270304294385462995e-02
-7.668284496877431078e-02
6.461585082173426642e-03
5.579127262468563941e-03
-1.282060540869986998e-01
-1.715630250219868369e-02
1.828661004604392737e-02
-1.062874627321019894e-03
5.118990070322149144e-02
6.088568312523090498e-02
-1.755819270756409090e-02
8.126157667710898203e-02
1.087888412593753795e-01
-1.247584931006417985e-02
1.724756222459862265e-01
1.169741965663710914e-01
-5.640016517269308416e-03
2.776842478048635598e-02
4.344494059138725994e-02
-4.980439490617316611e-02
1.256926123154080699e-01
-3.592947585444794534e-02
1.070982998114793361e-01
7.224296312623068594e-02
7.207422544016228727e-02
-2.302749354725430742e-02
5.866523256694633481e-02
-1.100219176665296894e-01
3.121289643671731895e-02
5.996381401459527360e-02
-5.030473807655710949e-02
-2.108917268463694761e-02
-1.751086264934260672e-01
6.646316959487252873e-02
1.219556244259099032e-01
-1.474121305896958223e-01
1.476438232072874168e-01
1.796302802822065114e-01
-4.603775022769107661e-02
5.351094421358495445e-01
4.272771657428187098e-01
4.664266285241238652e-01
3.380414598042382757e-01
3.713163698867198992e-01
4.268236508980769450e-01
5.075342202540695791e-01
3.958693516535698453e-01
3.432448708745772237e-01
4.065928659832680481e-01
3.932114787713336668e-01
4.788110487807235582e-01
5.111291826366237689e-01
3.295027114787167921e-01
4.223992539362393384e-01
4.249458704852855373e-01
3.719305791827747232e-01
3.615450805161031234e-01
3.790255787848932911e-01
3.114195815830147485e-01
3.541125411113130728e-01
3.860355762370841770e-01
3.351381755010713892e-01
5.014076396384472556e-01
4.228332314665264047e-01
4.897124674154216262e-01
2.959648057850621239e-01
3.925509251452996562e-01
3.646101088111399768e-01
3.650246980622915416e-01
4.063267299269468502e-01
4.308257469176315357e-01
2.753828732679080016e-01
2.589440172037549281e-01
3.559023411689186123e-01
4.774112597280111281e-01
4.216725652053570084e-01
4.039934381450935863e-01
5.110310752535125456e-01
4.040295124803865434e-01
3.125924025208077772e-01
4.240297585106731493e-01
2.782122356025267251e-01
5.092556208288054886e-01
4.869920346713729753e-01
4.838878940347426383e-01
2.960193395167225461e-01
3.164221416638917095e-01
4.149936827003037898e-01
4.444709355123308558e-01
4.933639321725944438e-01
5.498300983993424929e-01
3.225286262686999361e-01
4.201647126610152938e-01
2.377661657212299939e-01
3.844219642538997395e-01
4.583884783799299090e-01
4.446743039517675466e-01
3.201400109492740231e-01
3.716769564162905048e-01
5.318231181275672181e-01
2.518690543822459382e-01
4.444210526295593322e-01
4.477153737297190350e-01
4.968451920228917906e-01
2.918889154436978828e-01
5.592518207905170513e-01
4.888273791328721085e-01
2.884507046544468878e-01
5.315709316682675212e-01
4.101645346364861666e-01
6.063504847392306996e-01
3.892562004347899229e-01
3.508733788870270764e-01
3.068687857324814416e-01
3.799820773050728295e-01
4.679984642664098970e-01
3.630711412898071089e-01
4.754108685907796339e-01
3.671724812281393913e-01
3.328838774396178923e-01
5.028404234550976071e-01
3.542773613740046734e-01
3.742829998260557289e-01
3.630800504647484495e-01
4.156198625202378594e-01
3.401879465011439230e-01
4.259795166587150295e-01
4.958343449316782170e-01
3.693860577738730111e-01
3.089788714710302031e-01
2.304415904625729539e-01
4.328077498763998054e-01
3.507288934107477552e-01
5.108625871993379697e-01
3.867902844485580083e-01
4.386316486413113225e-01
3.675877345747045055e-01
3.165618141214421311e-01
5.191800110822601955e-01
4.034561640589648945e-01
4.842992052017922600e-01
3.546145597588381548e-01
4.094899202538027083e-01
5.515081360231002261e-01
3.943862885477402713e-01
5.285399020518894986e-01
4.222938185952984647e-01
4.704177835466936131e-01
4.453698561631171948e-01
4.402791458827080007e-01
4.286772547463508776e-01
2.917049297261484764e-01
3.869690935674863219e-01
4.453839968850799025e-01
4.257856745741330773e-01
3.926575443864952497e-01
3.493212009287520736e-01
2.183859307628055468e-01
3.824070694660566261e-01
3.146796782671505976e-01
4.891170753436910879e-01
2.906717900582731495e-01
5.285601447713004220e-01
3.272231680032910983e-01
4.326353226556594045e-01
4.272935220596538741e-01
2.818478784317073327e-01
3.319096540336050616e-01
5.569408857906270605e-01
3.399904958543604749e-01
3.772291730331804871e-01
2.973514722300101276e-01
4.764921645535920014e-01
4.750878517878789342e-01
3.875862799598692732e-01
4.132178977803513398e-01
4.907005182536112731e-01
4.149100103460556799e-01
4.722669138602195726e-01
3.331795780820550057e-01
4.543645654486050400e-01
3.803786641444180106e-01
3.181305087794106257e-01
4.755814605441983645e-01
4.679817837730124719e-01
4.763181750069647169e-01
4.715437455969946345e-01
4.809671105224357923e-01
5.328524749642227221e-01
3.904588104661907977e-01
5.334463603259689268e-01
4.378694083248806379e-01
4.154175403550728340e-01
4.259812491915493382e-01
4.448546855612784956e-01
4.691011101975195441e-01
4.445242001043718805e-01
3.293233779381099513e-01
-1.305861091711105759e-01
-1.698181120103359198e-02
-8.824949090215139513e-03
-4.618383536589254490e-02
4.669653566642484321e-02
-1.037999002855393149e-01
8.998495544960927184e-02
8.967452365139760850e-02
-4.022207314424119939e-02
-6.757195792161219128e-02
2.350013772070669305e-02
1.594103059192466532e-01
-1.901538805524161102e-02
-5.745087094475542777e-02
-5.966593574086287433e-02
-2.762898537931657295e-02
1.731365744760406944e-01
-7.614427653580591038e-02
-8.656933657265331039e-02
2.105124824885251655e-02
-4.871447175145204866e-03
-1.071404618218603222e-01
7.851229128476711061e-02
7.356736332616153895e-02
-1.387488226892521492e-01
4.263794550620669810e-02
-1.135316554803585953e-01
8.158019676375638518e-02
-6.028130905374373683e-02
-1.170272368148937980e-01
1.627578059844823066e-01
-2.406304746101450842e-02
1.477106300528598926e-01
4.600818456232835807e-02
-3.213127785210878606e-03
1.086668463246811545e-01
-1.263791600367195622e-01
-4.776821164532862873e-02
-5.144911541663543808e-02
3.407045780113238109e-02
2.096273096194147811e-01
6.508581738175878151e-02
-9.000263970517696777e-02
2.073865158134804432e-01
8.316383524544801453e-02
8.117736844356149284e-02
2.403745085188158104e-01
-3.413816358345211910e-02
9.062385090092295314e-02
9.574231172649816379e-02
4.715842408852233270e-02
1.322280659468346720e-01
8.352863220034500991e-02
-7.800323259403385556e-02
1.596905806182347121e-02
1.015122795076530693e-01
7.099276408728050214e-02
6.999038471866558808e-02
-2.113722181418753454e-02
3.208814405915094703e-02
2.358022466776366066e-02
-7.425653919450925233e-02
1.686828648665916752e-01
2.787466899455726121e-02
-1.290791618631903503e-02
-9.741973728585762160e-03
1.238162402190099431e-01
9.072342988561343802e-02
-3.680425301322398646e-02
-1.245217297027546577e-01
1.374814883687800471e-01
-1.403208090213140524e-01
7.021840640260457178e-02
-2.012591960779186451e-03
8.507840845327407919e-03
5.408851204434661497e-02
9.476734435407130341e-02
4.710828027403590745e-02
1.255196866763885755e-01
5.286283005794611967e-02
-4.788461725262516122e-02
4.646999668440265907e-02
1.439788985426737611e-04
1.282090406873463984e-01
1.275504327283094597e-01
-8.488112852063245395e-02
-9.403761343377003978e-02
7.277493335065643443e-02
8.443969284705943323e-02
-2.928929810774127951e-02
5.178243526281223197e-02
3.421482736957104365e-02
1.604423839736224267e-02
5.670744508486480484e-02
3.015408071785552480e-02
9.850859456085570010e-02
-1.070056372359250441e-01
1.437759701428364956e-02
-4.755273991319253213e-04
4.191008907084192714e-02
9.329298455152899017e-01
7.250641887349889014e-01
6.745361994733960476e-01
7.951121138148593559e-01
8.237575606597502542e-01
7.549030713814319782e-01
8.331358591177919770e-01
7.819674383887815772e-01
7.059064355809780977e-01
8.206661548255045346e-01
8.072011262782068375e-01
8.494525094253946307e-01
7.798506654139063521e-01
8.247866808456321142e-01
6.331642922864151313e-01
7.818973613148474389e-01
8.705192597139106425e-01
7.887327539619963801e-01
7.716325501857916880e-01
6.897716673054572478e-01
9.333453689168185186e-01
8.629387463635485034e-01
8.056341685957428833e-01
6.798868334549175163e-01
7.861441045592476584e-01
8.928888857235626197e-01
8.062493402156047928e-01
8.782373821676989767e-01
7.432918781586073109e-01
8.732835728705108380e-01
8.047186700465958076e-01
8.786201732008478427e-01
7.567102202487248075e-01
9.219470669591671719e-01
8.140607431617838952e-01
8.090788203275796064e-01
8.380846679861153614e-01
8.324052665968737497e-01
7.360923871505371530e-01
7.598219232795053735e-01
8.141299857498396353e-01
9.335426624482150437e-01
7.621855272228725831e-01
8.917878347596264188e-01
7.635303698225259783e-01
8.537114327197494745e-01
7.714498793263671050e-01
7.033503759760921792e-01
8.340432206700418849e-01
7.134293728203926488e-01
7.405358942383535314e-01
8.360047981277458629e-01
6.746457748782879182e-01
7.809037123731290553e-01
1.000000000000000000e+00
6.084151828997570455e-01
6.882203025195730017e-01
7.301310808843597400e-01
7.544235982005613739e-01
8.559790293889626422e-01
8.245053578030174801e-01
6.895541767389514742e-01
8.929207602254745080e-01
9.030956076705141111e-01
8.553660923259267523e-01
8.529760064794946750e-01
7.757525648804735052e-01
8.287505059995672330e-01
6.398842794051664562e-01
7.083006115883456744e-01
8.334294838333544675e-01
7.633694923526519460e-01
8.289928686796352864e-01
9.413839611451735312e-01
8.067970837943125861e-01
7.248903255120275890e-01
9.344664466558354476e-01
7.660027386945267303e-01
8.651320116321099540e-01
7.173360607407621714e-01
7.515045070283448148e-01
7.996345890622287289e-01
7.814816418449177515e-01
8.961347040038365463e-01
9.132732195793205054e-01
8.395855926541262448e-01
7.241987886543990172e-01
7.549989514816140002e-01
9.722232175399270204e-01
8.515680393754674338e-01
7.825026120481113345e-01
7.402166690181863906e-01
7.858955749355223119e-01
7.958424514319852872e-01
7.684683009425261613e-01
8.113477401024842273e-01
9.034872490126040212e-01
6.942721522508554788e-01
8.266716802423712540e-01
6.716069584141650672e-01
7.419751554329536702e-01
7.316682932258524730e-01
8.283192945334187929e-01
7.688059572754633031e-01
7.789848114135071722e-01
7.711014202122008498e-01
6.669488369875891109e-01
8.388213865532589963e-01
8.535078629335992595e-01
8.022525115296657017e-01
8.974154712960971114e-01
8.202839366083138906e-01
8.029297048397330272e-01
6.788431697730596959e-01
7.316826106137956920e-01
7.821572019373992379e-01
8.630775524432674484e-01
6.727858554700489879e-01
8.140665175018864108e-01
7.386109076539353335e-01
8.159217053267271424e-01
7.795070545995934630e-01
7.229391981315376192e-01
9.733701093708104768e-01
8.001147350194561803e-01
6.781314631102692836e-01
7.668099118820876914e-01
8.090878525401696830e-01
7.511405627186114042e-01
7.913201419201914000e-01
7.747564833351636704e-01
7.562633639086480120e-01
8.181921291280247477e-01
7.411586237816816247e-01
9.149149224454782292e-01
8.128341893682609065e-01
8.757306691318269554e-01
8.724916085206217975e-01
7.190530595884094822e-01
7.410705185175263665e-01
7.186042587621848110e-01
6.669328173883075639e-01
7.165062457945292618e-01
8.480959862236518987e-01
8.151705275040228571e-01
8.816782707258588037e-01
8.252798988783309753e-01
7.516839269544757229e-01
7.936255317414464550e-01
9.093366443721420112e-01
7.578200182867838031e-01
9.025317152651528563e-01
7.288955973608717276e-01
8.070064258101987686e-01
8.734801600542936306e-01
7.322899827794964178e-01
8.005575910381861338e-01
9.362653118019068632e-01
8.048577560577196977e-01
8.075166979748777951e-01
7.842613322844020907e-01
8.157197394629793763e-01
7.997967028218522234e-01
9.094369547810150500e-01
9.142316415218094683e-01
8.742513584762026113e-01
6.819144130941514614e-01
8.276070566014512853e-01
7.518071863236071017e-01
7.605292970842174594e-01
6.483755416774217295e-01
6.715098868748083927e-01
7.946532197902624883e-01
6.906828474081081470e-01
7.530449272392341076e-01
7.110330959201693890e-01
8.994379238902765472e-01
8.881675786322511534e-01
8.606260429198766548e-01
8.832314313764286773e-01
8.198824494568093257e-01
8.096291730127442854e-01
8.189609374916777540e-01
7.821017853526464059e-01
8.368685052650230993e-01
7.701391863174924524e-01
7.108507773369652227e-01
9.305188498310810186e-01
7.498936226363159818e-01
7.782939206550230082e-01
7.993224678200148148e-01
7.625385632714141160e-01
8.314505526987858719e-01
7.268382929440431184e-01
6.835273892452253808e-01
7.171333025283510576e-01
7.258701699791632045e-01
7.486049475779092965e-01
8.777759763925490066e-01
7.920293440586334555e-01
7.995457023595327062e-01
9.376997924980499111e-01
7.679448590966921895e-01
8.996306869742112244e-01
7.492897816555030843e-01
8.462101575415827970e-01
6.233531378816745683e-01
7.255932650479886004e-01
7.849336446713517379e-01
7.251881352513305234e-01
9.757633139217811724e-01
6.001689228122342179e-01
7.456775241971966839e-01
7.968778840946586506e-01
7.601596271498110013e-01
8.075053877613764808e-01
7.273235389123147154e-01
7.138980493126674265e-01
7.235167629588685756e-01
8.428777469912542841e-01
8.407995717213316844e-01
7.863482855688728179e-01
7.473296094136061551e-01
8.270653825510290158e-01
8.836174586759049099e-01
7.483466179732436441e-01
8.898236404994990245e-01
8.253436667345352973e-01
8.739798646810366112e-01
8.724255229734179107e-01
7.571644743065502059e-01
6.697849731161025222e-01
7.791375746158892834e-01
8.063492019853431003e-01
7.262284589294791814e-01
8.067698628403547900e-01
6.584370792636617953e-01
6.532130088761975983e-01
7.639900405679898032e-01
6.280298901343095430e-01
7.199611931217946292e-01
7.857367006701898582e-01
7.098906180260831089e-01
7.198012706797696225e-01
6.366437763205814448e-01
7.551023951501569798e-01
6.879131607897635003e-01
8.982604501287392296e-01
7.609562776814338125e-01
8.185642852095300626e-01
6.938061918180451482e-01
7.579426369052186807e-01
7.178669717365455671e-01
7.251420578733001054e-01
6.151196934309997033e-01
8.090004265852728249e-01
8.136257491627902905e-01
7.467623917112053977e-01
7.382813659414997343e-01
8.630469578160084865e-01
8.385369686342927231e-01
9.189951885478286897e-01
8.848116197631070712e-01
7.719950536935775709e-01
7.917084835981713642e-01
7.374270629119858977e-01
8.308440444705682548e-01
7.333655186883747401e-01
7.173599208053833554e-01
7.894591472119785180e-01
8.046386318780058833e-01
7.857564539761079381e-01
8.454432920431400600e-01
7.704552113813234460e-01
7.517366854074059024e-01
9.008795059543170947e-01
7.637805507744392930e-01
9.382023999220505672e-01
7.218616948095617492e-01
6.713115914554990127e-01
8.007531729918890839e-01
8.311638549785780317e-01
7.937451632272789492e-01
8.209818762171030571e-01
8.278546569963247670e-01
7.671149133707397816e-01
7.566540685037406178e-01
7.777578525239112750e-01
7.550844882749006004e-01
8.601296092803405458e-01
8.151826869680227627e-01
7.444389201463552652e-01
7.624952750564104598e-01
7.235468600328156530e-01
7.781294574404225006e-01
7.543093834787075735e-01
7.468093308968315469e-01
7.632700859530148207e-01
7.135626079732262372e-01
9.086192407209499056e-01
7.685523997231897830e-01
6.354871477275803038e-01
8.825675860769952585e-01
9.069932582170612267e-01
8.253650755446721998e-01
8.618699697253708880e-01
7.992027404506312216e-01
7.729556173670184549e-01
8.328923749490180217e-01
8.663504921703641948e-01
7.897679822364931379e-01
7.483576830899696386e-01
8.288393902970672134e-01
7.661683745841261217e-01
8.481099640050187016e-01
7.435974532207285659e-01
6.840138550617826940e-01
7.978421364082879386e-01
9.063257665607882263e-01
8.997356004602805601e-01
7.247665395590880966e-01
7.696103937339711099e-01
9.449415208960438850e-01
7.168190675759793518e-01
7.867785384446468466e-01
7.624764363636504783e-01
8.401305022316174487e-01
7.414725482000530388e-01
7.997240323443970400e-01
7.318080186315987223e-01
8.362698790655660463e-01
7.898235134396114354e-01
9.058349216906684820e-01
8.144383495314013732e-01
6.592516941388844032e-01
8.691214967582858719e-01
6.764926998898235233e-01
8.334370215833231121e-01
7.594521907522140403e-01
8.120480657687363379e-01
7.964686837210084303e-01
8.569854222312731640e-01
7.839043826743981036e-01
6.084202630815582769e-01
7.298519818964546158e-01
8.118238513343856155e-01
8.147073427146980240e-01
7.949035813949072438e-01
8.021795945873060329e-01
7.020236857426387367e-01
8.055860264968257578e-01
7.804840253374487613e-01
6.037890264955947384e-01
8.878800506639987766e-01
8.011516171925083807e-01
9.527325563311845880e-01
9.115618597461674355e-01
7.661367120346465054e-01
7.365975816538119503e-01
7.641348064352204705e-01
7.653025614117865416e-01
8.417184094390333104e-01
7.729524490355992317e-01
9.438213355051463527e-01
7.725133824066552357e-01
8.109975289463191572e-01
8.952620164298381589e-01
7.800910532318745538e-01
9.117892633299167215e-01
7.908290016867605132e-01
8.072606951316778634e-01
6.429665410719458407e-01
7.221978639116526377e-01
7.972390332147787362e-01
7.668555607568401378e-01
7.996469870929887591e-01
8.746244563592961985e-01
8.268223971051631427e-01
7.437688506554598344e-01
7.988511717177575466e-01
6.302020927991622834e-01
8.574231670542029615e-01
6.749774065929556865e-01
9.714583082852248364e-01
7.631005589787402954e-01
8.077385893726316546e-01
8.536168488105422281e-01
6.330964935000058524e-01
8.906492845332003583e-01
7.384862345985614418e-01
