7.894456142077870275e-01
8.319462955077174815e-01
8.030311181632705519e-01
7.479619795313048325e-01
8.352855355521495717e-01
9.117614573426997548e-01
8.055870895331793680e-01
7.791544963547716307e-01
7.208879235324743284e-01
9.250088538451626263e-01
7.580916048237902327e-01
8.065832058164315033e-01
8.017327889117069617e-01
8.225543704442654924e-01
8.449989697521265164e-01
7.492866062814040884e-01
7.710486277069199534e-01
9.506347784239177479e-01
9.524734450790415252e-01
8.385859301917288899e-01
7.918965444323349256e-01
6.821148063558641894e-01
7.591922830515254184e-01
7.935218108368080614e-01
8.796460671902388562e-01
6.880651041130769752e-01
6.444329542743425510e-01
8.225050291286246651e-01
9.268207962848227233e-01
7.968405190858971476e-01
7.909230776479272418e-01
7.566335107824058159e-01
8.076133156622351539e-01
8.478035267072558945e-01
7.408488494628573395e-01
7.301787445736209747e-01
8.904454712726939114e-01
8.653756510227277321e-01
7.245978956471117449e-01
7.933089740727203854e-01
7.267932550048279428e-01
8.557664201968673279e-01
8.445394788445923506e-01
7.612410546094046104e-01
9.813685989406493171e-01
8.394241120637759845e-01
7.713304674381467052e-01
8.428285019830783487e-01
7.702990233413609111e-01
8.570817715053653529e-01
9.079699664901139666e-01
8.280954193357532578e-01
9.165243540463932082e-01
9.159688703552091305e-01
9.509982323332464293e-01
6.933002043788667468e-01
9.785176878874490836e-01
8.732906729359257714e-01
8.175873878052106747e-01
8.642514463540031944e-01
8.005333362306765732e-01
9.009782599508324719e-01
6.395210855859574384e-01
8.258190422022557708e-01
7.168779008284389409e-01
8.441964569180466782e-01
8.943097466872238499e-01
8.782510670516838758e-01
7.867242206813904737e-01
6.546752761578433777e-01
7.553351719304464140e-01
7.598413299378372621e-01
8.574166715455515675e-01
8.315247177924907085e-01
7.712911369948813878e-01
8.086952495108326033e-01
8.693032682032493241e-01
6.934644489560797265e-01
7.683260731709533609e-01
8.710857217830709764e-01
8.361122364247135508e-01
7.491602457778603341e-01
7.651833219633683569e-01
7.023311953043607225e-01
8.639566854436302457e-01
8.421320087179005043e-01
8.389625271807594764e-01
7.888562557999518887e-01
7.790680224409858301e-01
8.785938240291759627e-01
7.072337575558225176e-01
7.596295194809727924e-01
7.039994175465464910e-01
7.539024953526285433e-01
8.402795768034716506e-01
7.967343475652262086e-01
8.388149406102152206e-01
7.806840082584791674e-01
7.894207470626584122e-01
8.670134237848206027e-01
6.630653186998463067e-01
6.773255481242403953e-01
9.274413079039158792e-01
8.094307165834033757e-01
7.836198101550204687e-01
6.918635703600968245e-01
7.416555936117510406e-01
7.733810482509559936e-01
8.236257623788483251e-01
8.390663480866118462e-01
8.375472107333161720e-01
7.881873636044918197e-01
8.644730765407930839e-01
9.647632636266034734e-01
7.965394825638416609e-01
7.887950893363522287e-01
8.101672090332552312e-01
6.116715174485076734e-01
8.364793907716228105e-01
7.859708182828761824e-01
3.021420024994205811e-01
3.837443805922025053e-01
3.804348481067538756e-01
3.275736758179286223e-01
4.040198776648669110e-01
5.682438597909855726e-01
3.972982117589378692e-01
3.780113341176245534e-01
3.870869187192131911e-01
2.725304426750601028e-01
3.101891145168269581e-01
3.207267146327801299e-01
2.155945502878913178e-01
3.113483025230951995e-01
4.120828052941507558e-01
3.673595905618085578e-01
4.198162502437237098e-01
5.128599991295725857e-01
4.717395856638861851e-01
4.711671065260467639e-01
3.807133525594088574e-01
5.393941883664079562e-01
4.464237160014004058e-01
3.382080920607670738e-01
5.272958317553984031e-01
4.957010863122910393e-01
4.265591565650665995e-01
4.326377939195606981e-01
3.230593189917554398e-01
4.144207666599759587e-01
4.076474617026146774e-01
4.500638164360719617e-01
3.433122822480620950e-01
4.151053347083697442e-01
3.126826147235075570e-01
4.246472120461231015e-01
4.453732838936947935e-01
3.038831171235409911e-01
4.498772967125448385e-01
4.244124247678444650e-01
4.790656656385903212e-01
3.902707165871361905e-01
5.176912676039171490e-01
4.567518424856624737e-01
3.858725188874507772e-01
3.725585858054134558e-01
5.137413834050665873e-01
5.175936662380797859e-01
4.662145950692004881e-01
4.026528504464330638e-01
5.436977838485448355e-01
4.309222715207789989e-01
3.574819246241291992e-01
4.081238038645698119e-01
3.643900907921677756e-01
3.712649438375674738e-01
3.650626011487059230e-01
3.967589838946776748e-01
3.448216391391456526e-01
4.815493753706749924e-01
3.987394556293559766e-01
5.115342985791875297e-01
3.489882418179750534e-01
4.522306472641246522e-01
3.749897219308384599e-01
4.681819780234195427e-01
3.922753642124756635e-01
3.380083313425821245e-01
1.948798064693932908e-01
3.519191924950593187e-01
4.784961095390269925e-01
3.031734438549298360e-01
3.379361793397506197e-01
4.588533068348605859e-01
3.938186133882961570e-01
4.777492831091894043e-01
5.362170321300792075e-01
4.832247121488266739e-01
2.697598784617352141e-01
5.284786412071327266e-01
4.192220355373141860e-01
4.292937726246115471e-01
4.133641412541737559e-01
4.190710635639351977e-01
3.155109927735779696e-01
5.317540112229139915e-01
3.997226308333132749e-01
6.578582830017922767e-01
3.776700422027230442e-01
4.125541841327931003e-01
3.619266560650995501e-01
4.439187428239346200e-01
3.172973049716674154e-01
3.632339865253275679e-01
3.403727765709918529e-01
3.986386391601612900e-01
3.081870010259952775e-01
4.946635902598957024e-01
4.200538098944979204e-01
4.212923414461320348e-01
3.495322701557717071e-01
3.827080277623635673e-01
3.329788820514874015e-01
2.767523186526286150e-01
3.521329433207338599e-01
4.436700518362444168e-01
3.387356262144305408e-01
3.970887824236659647e-01
2.551332767890879261e-01
4.418684013825400214e-01
4.866716769503358631e-01
6.281847662682016331e-01
3.005592669904026959e-01
4.249473407999568852e-01
5.695646966383141052e-01
4.061850264661486243e-01
3.685143418942160576e-01
2.801837938301232622e-01
3.531958347211179294e-01
2.583034932742569456e-01
5.209665159670298085e-01
4.690524368719544146e-01
3.358598483044539229e-01
4.910508174369867529e-01
2.513112649728537207e-01
2.108679451996944287e-01
4.055365047341308316e-01
2.927731041005794399e-01
4.955976999328697286e-01
4.804299383169576831e-01
5.620578861076899191e-01
3.982473534406518745e-01
4.393134692645919159e-01
2.719668263682317733e-01
4.617870486024737708e-01
3.838345710582344861e-01
4.513107841791590413e-01
3.309831440050166051e-01
4.315611635836940074e-01
4.368020338572422556e-01
2.906370661258357302e-01
3.700295894167775490e-01
4.063298359350457911e-01
4.832821453510225407e-01
3.825451183737091920e-01
4.684562538761252171e-01
5.732073909725390326e-01
4.400859966359598197e-01
4.952191861069321632e-01
3.689679673281260897e-01
5.332530279285041530e-03
-7.043193786836476900e-02
5.148725403975618065e-02
-5.498557800602599244e-03
5.618369396589040221e-02
-6.311814888381062083e-02
-4.782306213789278004e-03
1.347603975498823381e-02
1.824463065386812133e-01
-2.051640021664047353e-02
2.210888745572470171e-02
-4.797878669962274412e-02
3.795483911945418676e-02
3.680110534880753903e-02
1.148989601927339343e-01
3.283508758857411891e-02
1.110231538124917261e-01
-3.897031797559069588e-02
-1.369171143126302059e-02
-5.291432814390262251e-02
-7.252307261240931169e-03
-5.117712024631715373e-02
1.673621949359886951e-01
2.380667550497019835e-01
1.249076600310521368e-01
-8.197851139391754138e-02
4.659258628950224690e-02
-2.217541865209571306e-01
-3.488063873550950600e-02
-1.092606169515989434e-01
-3.462956800150074343e-02
-9.939310034292081486e-02
-1.071926605899220508e-01
-9.318408211012751963e-02
4.127251005192777988e-02
-2.555872064025965784e-03
3.996609287818309042e-03
2.296931285531871314e-01
5.130628153606320296e-03
1.965889291085445301e-01
1.028621434726753048e-01
1.957011757612758807e-02
-1.194608591565465838e-01
1.353395881980246074e-02
-1.758722730527750855e-02
-3.323962273047442739e-02
2.927231775294436567e-02
3.602277772895812191e-02
3.587601870798318160e-03
1.321998724569728445e-01
4.522420003485350115e-02
9.950661349562994751e-02
-4.302550447142783341e-03
-4.057404002503395279e-02
2.368076734760671265e-02
5.138073768283879517e-02
7.355363378688406506e-02
1.204556505493650231e-01
-8.985547662214821152e-02
-8.207836373682453335e-02
7.020632989926212097e-02
5.122780454710484932e-02
-1.635706815007920145e-02
4.086374392335256900e-02
5.355499033556188060e-02
-8.037647173670925405e-02
-2.781058722663187766e-02
-2.089407715582791703e-02
-1.107302227256082849e-01
-2.381501874485214554e-02
-5.038699144441316502e-02
8.635284959178157749e-02
-1.083040483090176309e-01
-8.061095875653678799e-02
1.372100615697080528e-01
-2.421628354642031411e-01
-5.394083264080962170e-02
1.673782363952192043e-02
-7.754694047351706754e-02
-6.384576142354259076e-02
1.498988448787463845e-02
-7.540908576847438205e-02
1.092657682422983889e-01
1.552829081020523638e-02
-2.776025808646775950e-03
2.383494736781455181e-02
2.237431519424846194e-01
3.687510905787894089e-03
9.894733724663540286e-03
-1.116563815758908618e-02
6.444988496515913212e-02
-9.125893232800807997e-02
2.608198123935268065e-02
2.512537784689095055e-02
2.092429897993408616e-03
-8.894469617391154159e-03
6.346775205734633829e-02
-8.608154090392505786e-02
-2.197780052328901501e-02
1.213255689912753343e-01
-1.626772355867303066e-01
4.192701316405922363e-02
-3.107171901346805765e-02
1.758824278523607454e-02
2.196611142270277206e-02
6.761434832758217439e-02
6.514437420793939282e-02
-5.781753402301981204e-02
2.695264750201809001e-02
9.304788854043111179e-02
8.405386704217554517e-02
2.229352137835260983e-02
-1.045230309800126989e-02
8.313768173680013973e-04
-1.485050470559777791e-01
-6.493855052136432437e-02
1.638283335743451197e-02
7.470840181476035013e-03
6.457574940125643259e-02
-5.216156690804463203e-02
2.500494696781196957e-02
1.378053816121549424e-01
-9.768079189518186212e-02
4.014355279852321878e-02
-5.756626855961988198e-02
1.551637521753144178e-01
-9.224207148728502670e-02
3.745559812766452445e-02
-1.429321446867216627e-01
5.669036728515552959e-02
2.496854112058910502e-02
-9.833674330209474235e-02
2.042720546800458337e-02
2.368346803557974667e-02
1.011014110029624380e-01
1.253437823272030016e-02
-4.064901629573969277e-02
7.105524338455082578e-02
-2.301575248479226232e-02
-6.625890248439803010e-02
-8.488294541828056428e-01
-8.514916825084868357e-01
-8.747701006245964805e-01
-8.549816354730888079e-01
-8.405906408725036805e-01
-6.911619941471942585e-01
-7.722832562200203643e-01
-7.676875244407977972e-01
-8.297646007089336528e-01
-7.269155314200599349e-01
-7.747721368545554821e-01
-8.055289925074715640e-01
-8.006339029100267846e-01
-5.849273574179403301e-01
-7.202305930827848091e-01
-8.062187856167354338e-01
-8.450213424633601367e-01
-7.344858740738651193e-01
-7.886699761162545563e-01
-9.542566047888889624e-01
-7.809504549963480757e-01
-7.845312429796145182e-01
-8.258655392149525376e-01
-8.628993245283265168e-01
-8.796704041159790766e-01
-7.736733937860262866e-01
-7.635329039245795091e-01
-7.483166141798607285e-01
-7.346810973428791192e-01
-8.122080406166485300e-01
-9.297214307818358892e-01
-8.851124532711843740e-01
-8.204517135888211854e-01
-7.940597565226638066e-01
-9.111392560819090436e-01
-8.161059645161442555e-01
-8.859801867047611967e-01
-7.784031364372789863e-01
-7.311851834184812660e-01
-8.657513025489729230e-01
-6.418188412232772588e-01
-9.330073452017237923e-01
-8.711060306181612756e-01
-8.595428225586366766e-01
-7.816134430493900664e-01
-7.918713706967571708e-01
-7.123486067235182961e-01
-6.545903363965375199e-01
-6.677040716373909834e-01
-8.398324915830426285e-01
-8.066684251044129450e-01
-8.417591110529608622e-01
-8.863937950485319961e-01
-8.001322850849598156e-01
-8.742593311279018842e-01
-8.089354809340273400e-01
-7.371604997838365758e-01
-7.959042914718683637e-01
-9.136944647875248071e-01
-7.949849579110022102e-01
-8.575990690457377941e-01
-8.648147925536905367e-01
-8.651846445503015293e-01
-9.287495847194472409e-01
-7.877815176234170824e-01
-7.376347582753028931e-01
-7.348861402067388138e-01
-8.103468059465437356e-01
-6.563944907993696232e-01
-7.970051530291888398e-01
-7.596977680988437065e-01
-8.305996616916944131e-01
-7.508335981239678825e-01
-8.564224990342985677e-01
-8.037326490507916699e-01
-7.790336731297822226e-01
-9.342358024814396700e-01
-7.982576291805297819e-01
-8.056960777292124787e-01
-9.371774292406365170e-01
-7.983601357958727274e-01
-7.713131111816298180e-01
-7.172459449354129379e-01
-9.099113085676171497e-01
-7.501397070083646312e-01
-7.532044357889294828e-01
-7.507844242185844896e-01
-7.967668779387110378e-01
-8.000417030894452219e-01
-6.809773414993838259e-01
-7.580431207221145495e-01
-7.762399901040714090e-01
-6.993978746797862023e-01
-7.399147050687699956e-01
-8.669574509048217914e-01
-7.476912109744495716e-01
-8.067496145864785362e-01
-8.845284684249670182e-01
-8.249029537669485546e-01
-8.849848988737218924e-01
-7.621481405944404708e-01
-8.721614942990847386e-01
-7.419193325499311431e-01
-7.619400086893262092e-01
-9.106412132119615643e-01
-7.436887130217479935e-01
-7.269486392644884942e-01
-9.487945832739317353e-01
-9.226001193820360102e-01
-7.969368477802566408e-01
-6.255777266176425488e-01
-8.506698464471975640e-01
-8.106994347073324114e-01
-9.037535949051188622e-01
-6.942470669646469972e-01
-6.766631004816979766e-01
-7.810357419036816351e-01
-7.550282333605176088e-01
-8.873211173878586822e-01
-8.271462320929775514e-01
-7.231531765193326411e-01
-8.650223369296505815e-01
-7.213895947632174011e-01
-6.929971247491472086e-01
-9.062999704586364169e-01
-7.579154078410574868e-01
-8.884214371917812381e-01
-6.719846639562720991e-01
-7.272432481685855432e-01
-7.416374846893689643e-01
-7.136704655314241030e-01
-8.777976215901163171e-01
-7.975023954437610030e-01
-7.743763004509297554e-01
-8.443757417140761445e-01
-7.215357181877188886e-01
-7.784013350950473864e-01
-8.425292845013454546e-01
-7.421675545014715381e-01
-8.089938305123293150e-01
-8.286438622487350969e-01
-6.195001543029590163e-01
-9.334554106895737169e-01
-7.188497055222079490e-01
-8.987814074474377302e-01
-7.366516528709978751e-01
-7.224832117139584620e-01
-7.713974771239197059e-01
-7.067708689705760605e-01
-6.260632187885636357e-01
-8.105368477491141643e-01
-6.361134408682695973e-01
-7.598763815208771089e-01
-8.868399105299233920e-01
-8.666372613454981222e-01
-8.377271802321307748e-01
-7.681144062534761563e-01
-6.572064251917676403e-01
-8.328124261206603096e-01
-7.409734992978984636e-01
-8.813789038918947716e-01
-7.606402190374554895e-01
-7.018433247555690979e-01
-9.177948732482156258e-01
-6.830827631866228655e-01
-8.356417203177179953e-01
-8.134705499898635672e-01
-7.051251623451810779e-01
-7.172756314723724991e-01
-8.286980658195822746e-01
-7.761420352750797447e-01
-7.393714960664117264e-01
-9.828516497998012191e-01
-9.415036668477078097e-01
-7.752574939817212796e-01
-7.846668848966442678e-01
-6.815650492606597499e-01
-9.284501816731498547e-01
-8.369385647809721718e-01
-6.976601044967396525e-01
-8.084193961923251681e-01
-8.194729434358730691e-01
-7.716578289563094106e-01
-7.425425116285370164e-01
-5.842119996447883157e-01
-8.532944317090732644e-01
-8.765648217006428711e-01
-6.308680690047785422e-01
-7.588885267473510776e-01
-8.632295102104368123e-01
-9.641511036232012222e-01
-7.681745648906268542e-01
-8.934914494833369192e-01
-7.130758550995197620e-01
-7.893558213743050445e-01
-8.509679405194910951e-01
-9.275087167492860329e-01
-7.400206215718427849e-01
-6.691757492446431810e-01
-8.881738250935136136e-01
7.713975840295235198e-01
7.491800834646793472e-01
8.858107597591164950e-01
8.255320130037151483e-01
8.409397286223569967e-01
8.544262882699027450e-01
7.953702526573296350e-01
8.775084243833022324e-01
8.577706620715288555e-01
7.212146517773363463e-01
8.273054517874902647e-01
9.371383003282511837e-01
5.812720545263294625e-01
7.556705014001650067e-01
7.878217083856462466e-01
9.302319255137501131e-01
9.469658208240350206e-01
7.693034980329986894e-01
9.243369586308551877e-01
7.781945910678291778e-01
8.751152743012113877e-01
8.847216666426449549e-01
8.133091079905121479e-01
6.371370374064697639e-01
7.623560627153322944e-01
8.646545699633507720e-01
8.011608030239771860e-01
9.628729020795698812e-01
8.190496591355740374e-01
7.507116174310981549e-01
7.707354010680516065e-01
7.080660694864091553e-01
7.712900652016132508e-01
7.886934129625804424e-01
7.080899185347202529e-01
7.863278897712877580e-01
7.597601119229695499e-01
8.642238354832900704e-01
7.706886951751990011e-01
7.824083146873783701e-01
8.073850686396444321e-01
7.472875041695190568e-01
6.834058448532989161e-01
7.815124131419912690e-01
8.515612666444465351e-01
7.705527006934589362e-01
7.981983834650365761e-01
7.336088745151532198e-01
7.104879407993103246e-01
7.680140146759100173e-01
6.836512187406782459e-01
8.493417443298501013e-01
7.079438195310840953e-01
7.720695629589595654e-01
6.594814063148857208e-01
8.408836196712552447e-01
9.109676371648252058e-01
7.977643376427250299e-01
8.263090535919179747e-01
9.067801558029937592e-01
8.409628411834539907e-01
9.203209191150143464e-01
8.844411100611313525e-01
8.540275321132850816e-01
8.151695509124425865e-01
7.829260483683402327e-01
8.682595753306243669e-01
8.265573523477727225e-01
9.021935658170678884e-01
8.326186785856439787e-01
7.801677147910579535e-01
7.927997615906914319e-01
7.377851343108265958e-01
8.497401156343875606e-01
8.395080439738316080e-01
8.998521836811481656e-01
8.234400952200284785e-01
8.721068924912864784e-01
7.006637479575568150e-01
7.801509362558673999e-01
7.623148305019715743e-01
6.957147951349609283e-01
7.770388795700375884e-01
8.603501419983206056e-01
8.797631656976523384e-01
7.995996420737998545e-01
7.955897314558497690e-01
7.655482011431171685e-01
7.979624607530451108e-01
9.613075629747207529e-01
7.990128363344179974e-01
8.559729691495425730e-01
8.819210142681461750e-01
7.782244525431176729e-01
7.973296093094079939e-01
7.811962495148698782e-01
8.075843403617815053e-01
8.007335553955385876e-01
6.659845618485340513e-01
7.788657214367507020e-01
7.061239735231625847e-01
6.500236213534889007e-01
9.041212077805977909e-01
9.198071777369387636e-01
8.179954978746564187e-01
7.223177252077972454e-01
7.656079295294961895e-01
7.944867770649419736e-01
8.958518090942224621e-01
7.892512298400600201e-01
7.849247471950560051e-01
8.863590815052959648e-01
7.282236835041235867e-01
8.913386026039342713e-01
7.388667299822839762e-01
7.577139719916945459e-01
8.332950578796267660e-01
9.556718963714523341e-01
7.713065845954023558e-01
7.425506150503020653e-01
8.171899203069385997e-01
6.657977297324499943e-01
7.821553056214702870e-01
8.606075304457443398e-01
8.961902577516083213e-01
7.837012526225506370e-01
7.741203602785309279e-01
8.293967223562710434e-01
8.543024417981857077e-01
8.357919976533720874e-01
7.409908887462530735e-01
8.699081874493481692e-01
8.199720061915378722e-01
7.777065653607599938e-01
8.346752385335722835e-01
9.355653571108890620e-01
7.516333071550085343e-01
9.526919581220394395e-01
8.802119656842632978e-01
6.401327124970688232e-01
7.504991862063170593e-01
8.095875665990794889e-01
7.538619813418274695e-01
7.238260830917124800e-01
8.517370661241174812e-01
7.762641246467860690e-01
8.270288869897839401e-01
7.883914987408262576e-01
9.083511107128003914e-01
8.246114277356568767e-01
8.840243119612039013e-01
7.400104759256054265e-01
8.098295094445957520e-01
6.335685204057848185e-01
6.833557986144158658e-01
7.755914532636467573e-01
6.727019860363219195e-01
7.194523467530498095e-01
8.436131965263109489e-01
8.549984906141707697e-01
9.293428352303081397e-01
8.440876211487147174e-01
8.702425905093003067e-01
9.835397616990724234e-01
8.074193877856685742e-01
8.150472228320544410e-01
8.874169576352175515e-01
7.993262117603567862e-01
7.365797894494323650e-01
8.989012863547649612e-01
7.684850436840178212e-01
7.571468762582698186e-01
7.509886188138958918e-01
6.903884065015974958e-01
7.383192620779661652e-01
8.722362501403764234e-01
8.918138311575467547e-01
8.465813125384198390e-01
7.103061554986971338e-01
8.277197728665048881e-01
8.503348111662594189e-01
7.905934644832173230e-01
7.979893159194906271e-01
9.135957400145708895e-01
9.386700977618820385e-01
8.911187435076399765e-01
7.557860324939458252e-01
7.748525715167640104e-01
8.898986752553663671e-01
8.259155463953795628e-01
8.137298729716040402e-01
8.034151666937743297e-01
8.199304268382598959e-01
8.369140170087714381e-01
8.130711085879278599e-01
7.753141983884441757e-01
9.222219921952714561e-01
7.292824345497641580e-01
7.400254155104120102e-01
6.440282606103080454e-01
7.082596280302921876e-01
7.512082153627344105e-01
8.240763584325976332e-01
7.449632019350327372e-01
7.373772265551490346e-01
9.248118111099759009e-01
7.538745873953873744e-01
8.616849387073604039e-01
7.743251860568778344e-01
8.716852928405927070e-01
8.696250352788954530e-01
8.006051626524071096e-01
6.319617547544249536e-01
7.509879931139049614e-01
9.150154983523968166e-01
7.883010040744211633e-01
8.621675150663772325e-01
8.677831075738260402e-01
8.210470989193214830e-01
7.513542219121205346e-01
7.974312902331697206e-01
8.156749041645461329e-01
7.165246280319681471e-01
7.999521377609277728e-01
7.869389533925512659e-01
7.295337170487066203e-01
8.282679231455061242e-01
7.178351984368971372e-01
6.928973361293131461e-01
8.272132180454656591e-01
7.593422411840122788e-01
8.380659926962299444e-01
7.205239754242531713e-01
9.071475205503187755e-01
8.010325387658012719e-01
7.968403031973154693e-01
8.746322049996477777e-01
8.055743911619883679e-01
8.880721884566553648e-01
7.645042313607595119e-01
8.864425353296416787e-01
7.811975244299658172e-01
8.153688117576576300e-01
8.277301115885735694e-01
8.932603329741191089e-01
8.995356646247134602e-01
8.422909352074416933e-01
8.856933408216964843e-01
8.877724359050911396e-01
6.426101108812269924e-01
9.728922391941485781e-01
8.423606366817821822e-01
9.070295354952357947e-01
8.522972416450802502e-01
7.892433594862957591e-01
8.716153440046845446e-01
8.312865088877443576e-01
6.931985466490955261e-01
6.934340675063090931e-01
7.938181586072301510e-01
6.672163995341422460e-01
7.330452931557176477e-01
8.183387224548930305e-01
8.543159489945959528e-01
6.884619986532154456e-01
8.776318028437699592e-01
7.442993353167173254e-01
6.817315155056287157e-01
8.264840873456325010e-01
6.533017703110517438e-01
7.076044744405236564e-01
7.701710930768552732e-01
8.448398798658889319e-01
7.898655372931102647e-01
8.159904656640466492e-01
7.654090488407012671e-01
8.551727208871571229e-01
8.147522433740188585e-01
7.857720703733930279e-01
8.279011808310525744e-01
8.234200964035212067e-01
8.547838090373036657e-01
8.018631722264122352e-01
6.751887270860708057e-01
7.998714337533856522e-01
8.704899838586275251e-01
8.561920868704047116e-01
7.599233104251454929e-01
7.336133444734427300e-01
8.456377713345455405e-01
8.335141852399050588e-01
7.842249643950773841e-01
9.081954409241683734e-01
8.337466676490166151e-01
9.087308758220700167e-01
8.157971459456929697e-01
8.554727833899160583e-01
8.875441174801441679e-01
8.015388849668829696e-01
7.938823696769436999e-01
7.231505600668910461e-01
1.000000000000000000e+00
7.462769200412067150e-01
7.314818023282101400e-01
8.677746262645360531e-01
8.046689768968324774e-01
7.529161188241988434e-01
9.387445136328540496e-01
-6.732444185475826570e-01
-6.812542979362574691e-01
-8.895109709002977372e-01
-7.273887607053983739e-01
-8.511118509578637914e-01
-8.823483089552217606e-01
-7.119637609778157739e-01
-8.135693973835773640e-01
-8.586388938331791509e-01
-7.964627616776168706e-01
-7.068021463867065757e-01
-6.888067686375402010e-01
-7.349425384247312287e-01
-7.934752863941139100e-01
-6.590032687036621040e-01
-7.334828388303944458e-01
-6.931100305678383755e-01
-9.164689107169408100e-01
-7.957473674931485608e-01
-7.736157401827983282e-01
-7.184990550242114082e-01
-8.212327567776473991e-01
-8.498745024049247920e-01
-9.077583455614526287e-01
-7.468961984564628231e-01
-8.146201333521723154e-01
-9.414861295394344465e-01
-7.286664231698203320e-01
-8.509958495376496179e-01
-9.162933802437200903e-01
-8.160245987991237016e-01
-7.726536914223438579e-01
-8.155310642344086869e-01
-8.486079514858165807e-01
-8.700364392344757114e-01
-7.978560228336467608e-01
-7.226440109634695297e-01
-8.293785405876266115e-01
-7.934993351816510554e-01
-8.774749098076205511e-01
-6.795200201219941949e-01
-8.504262680481529113e-01
-6.772479098151121812e-01
-8.564778173894985747e-01
-8.381111597395460855e-01
-7.310021740222971687e-01
-8.343001875168688519e-01
-7.593044858094080141e-01
-8.104510958318507097e-01
-8.100934926630880550e-01
-8.609588246953696622e-01
-8.576867688618483587e-01
-8.003816572087005810e-01
-8.201293186708973337e-01
-7.203657859636238836e-01
-7.435857968709058685e-01
-6.981524893195412140e-01
-8.085666293973425844e-01
-8.481481854974831647e-01
-8.566096118743764531e-01
-6.980081077473279105e-01
-8.198233569785298158e-01
-7.470629569704958506e-01
-7.450352258192759480e-01
-8.682363496336810149e-01
-8.558149573248792219e-01
-7.502338646426680580e-01
-7.395253452345256218e-01
-7.916425618741945724e-01
-7.973047944151470112e-01
-7.399240776457187696e-01
-7.226246031023574323e-01
-9.401675509521826291e-01
-7.839958341111505913e-01
-6.430954895737270860e-01
-6.521168745744290174e-01
-8.662300455176782377e-01
-7.529929823287588864e-01
-8.037038411173811348e-01
-8.763894527383930821e-01
-8.022628137635106071e-01
-8.265594840901873130e-01
-6.650209870965592129e-01
-7.837616489806443765e-01
-7.301829349728405916e-01
-6.840277780787495931e-01
-7.038456171141396212e-01
-6.083535125282224509e-01
-6.077513002369614448e-01
-6.866008474643348070e-01
-6.672483212641204808e-01
-6.350708376311853254e-01
-7.961139624894344458e-01
-8.768513501053293302e-01
-7.876198618329018908e-01
-6.627220013265724408e-01
-8.425373858355371670e-01
-9.017763505390523626e-01
-8.102087749156272611e-01
-8.526530987756093527e-01
-7.639771251261557872e-01
-7.852567966458222637e-01
-8.588410862831402648e-01
-8.146564432896120644e-01
-7.346648216066204995e-01
-7.209431720896783968e-01
-6.646203891764290717e-01
-7.625713380204526270e-01
-7.140232048005819010e-01
-7.932702122935811895e-01
-6.519443359402798954e-01
-6.599532962817460380e-01
-7.120889771860816619e-01
-7.608937109598807869e-01
-7.577033391081168245e-01
-8.515350916194840414e-01
-7.417181343126018067e-01
-7.313384131931627286e-01
-8.639113602847074969e-01
-6.664714441608623474e-01
-7.367958043891713604e-01
-7.677783164269904592e-01
-8.087151191197811118e-01
-7.037751210003222457e-01
-7.487964494618672973e-01
-7.374538691308427651e-01
-7.965508173727661179e-01
-8.059166583046059040e-01
-8.364084957093171901e-01
-8.021241530867180280e-01
-6.625131756610798117e-01
-7.219064646781119254e-01
-7.838501913055030412e-01
-7.800335519286000219e-01
-6.729973293682635083e-01
-7.591335762808776311e-01
-7.895526652112652144e-01
-8.864515797099888905e-01
-8.644472665237865616e-01
-6.450116412773578833e-01
-7.103730680102702255e-01
-8.953537707822768477e-01
-7.843224807355753114e-01
-7.269619517709475787e-01
-7.441577748988619234e-01
-7.672264108036590535e-01
-7.627000011642579569e-01
-7.921591539288419526e-01
-8.341222478171563814e-01
-8.305485477766124669e-01
-8.043083111382927086e-01
-8.339450630736517933e-01
-8.435572237245086979e-01
-5.962246657316084830e-01
-7.038438473599513134e-01
-7.304881223208706809e-01
-8.528310343419465145e-01
-8.552036458587696233e-01
-7.511658322517309472e-01
-7.358834674204470794e-01
-7.815140071410805467e-01
-7.640702279454225643e-01
-6.862610771043180513e-01
-8.321866339977752602e-01
-8.212612791359431563e-01
-7.443495175426315669e-01
-8.041570789956156151e-01
-6.679130970928250921e-01
-7.967736049818502364e-01
-6.401031977183192501e-01
-7.855138788578809317e-01
-9.100480450058426873e-01
-8.661855637883331127e-01
-7.923572808716590199e-01
-8.187295064437078995e-01
-6.687474878624803942e-01
-8.672645857753953358e-01
-7.105606120744059062e-01
-9.072680835763883289e-01
-9.087993777793959005e-01
5.419019280827019891e-02
-4.147306730984068324e-02
9.271233728312511246e-03
1.475886834713757700e-02
-6.164673358369976430e-02
4.656548180973141271e-02
-3.516725978303258948e-02
9.624500145499070847e-02
4.569148223299102085e-02
8.033845571850140033e-02
-1.159609771638026032e-02
3.329352761841275488e-02
-3.651164090675884655e-02
2.008273024875140145e-02
-4.591852884210123609e-02
-9.450944659201931941e-03
2.425707810877342219e-02
4.564965590063652101e-02
7.265053483965799863e-02
-2.582203496327750702e-02
-3.259639660396762562e-02
4.765581277890773571e-02
7.872995086581791035e-02
-1.690923709123837160e-02
-3.506687010603748433e-03
2.696528393237795918e-02
-4.087660642804391564e-02
-5.682245742700897662e-02
-2.264111691267356452e-02
1.425659869426580961e-01
7.135875517116008204e-02
7.282440482893459688e-02
1.380848063210629029e-01
1.202480958554825730e-01
1.349065954173322979e-02
-5.470060735214765657e-02
-7.788362587696817663e-02
1.290180982356099459e-01
2.213867941775804482e-03
-6.977004864713975962e-03
-1.763933862715105771e-02
-6.868152549599726431e-02
1.441730516518748839e-01
-9.717719496328713902e-03
3.405638728753923594e-02
6.915499364563193474e-02
-2.916614763183356107e-02
3.599392137028134542e-02
-5.228715248701498730e-03
-5.161118783120488551e-02
-1.066950412854686947e-01
-7.138502213657638151e-03
4.715483379931373342e-02
3.234868009471592032e-02
2.753519590214037471e-02
-2.845707223775728600e-02
-5.000690324776901896e-02
-7.293287744982068777e-02
3.679814717229024090e-02
1.193735115175929007e-01
9.477543547475630881e-02
-1.272889576843050374e-02
1.181275532356167446e-01
-1.235778759928183312e-01
3.285510905908917145e-02
4.443504919556362509e-02
1.075587443751795380e-01
2.064989846936950979e-01
-6.546033027405262494e-02
-4.660251464697051649e-02
-6.184693715037681283e-02
-1.946329948655434183e-02
1.622795029103052400e-02
1.250799392894483830e-01
-3.273279678018115035e-02
-1.734243329479602247e-01
-8.779674497237277553e-02
8.150747515677636557e-02
4.605652789984371331e-02
-4.876500719660836758e-02
-4.361383321625156295e-02
-4.899274759086491571e-02
3.696921348265380658e-02
-8.682025010408533916e-02
9.633476727365808401e-03
-1.218753449862237659e-01
8.690654351644511166e-03
-1.575233419964428005e-02
-2.231891593138601859e-02
1.956650457252528952e-02
-1.979292538706767246e-02
-5.214973756310603559e-02
-1.027330994524535690e-01
8.185774575983884027e-02
1.579917900828653465e-02
-7.800241625839043902e-02
4.288315528663444454e-02
3.459310826241757120e-02
1.126555528588666366e-01
9.516830795139985533e-02
1.648817250126981548e-01
7.625980075709581918e-02
9.170448542231035560e-03
9.869449042109201820e-02
1.376848160845969282e-01
8.204416405358960773e-03
-3.686820051730310688e-02
1.274185438241657309e-01
-3.060942360713769794e-02
-4.592988079246795863e-03
1.734967533492435265e-01
7.977900064958687310e-03
-3.388655525987671613e-02
6.871455141694071678e-02
5.165840301479707186e-02
2.602888699222849489e-02
-1.282234057593991672e-01
8.068341048146487893e-02
3.282434486645868787e-02
9.723141772611643141e-02
-4.933681051013993901e-03
1.336617297249631520e-01
-7.061054792481857856e-02
3.771482638166046009e-02
5.065950175563904700e-02
8.571161428336426802e-02
-1.505165555571527092e-01
-2.206754548983513864e-02
1.319356171136141231e-01
6.772834017209938828e-02
-2.537790463158606791e-02
3.055392421885838594e-02
6.845548806994905533e-02
-4.892774009037803573e-02
-3.035447123849510653e-03
-1.022036249810878150e-01
1.435216002579196015e-01
7.900086318205179481e-02
-1.633100346987659268e-01
-2.410611611644264407e-02
3.209275277288470285e-02
4.176318580042481798e-02
-4.267623710687917793e-02
5.919285199847479362e-02
6.204723262836964182e-02
1.985808647719093933e-01
-4.208759417053498098e-02
-2.519944848978172836e-02
-1.075458218309192082e-01
2.377258867700193790e-02
-2.887115968032338831e-02
2.178430024959210343e-03
3.331967126162682646e-03
2.975515605897394167e-02
-6.411454081650724834e-02
-1.070929921170150623e-01
-1.072937043209432062e-03
-5.530975432118034885e-02
3.148640829797821894e-02
-2.324034451482859254e-02
-7.500212718095189413e-02
-6.457565270713550021e-02
1.656599945126568940e-03
3.368149058904812421e-03
-8.760299502992840992e-03
7.495566740857384502e-03
-2.457399005255067603e-02
1.855817900028886580e-01
3.710688910502302207e-02
4.830996036241175240e-02
-1.248913443613790530e-01
6.553732706378245787e-02
1.612110006352824865e-01
2.504390696779101866e-02
1.978668965572492056e-01
-3.459156651818950934e-03
-6.515860096539483060e-03
1.251831374705434374e-01
2.101568465793302032e-02
-9.099716780958555518e-02
-4.452971912454850578e-02
6.764286036544331360e-02
-1.365838440038019685e-01
1.328615092773044459e-02
-3.071131261411419455e-02
5.101603244853736285e-02
-1.280808267622446373e-02
3.258428214710451520e-02
8.515996579442419723e-02
-8.900756513307239715e-03
3.383923524342513645e-02
-1.581123705880738139e-02
5.504101830378727023e-02
5.698783927373329838e-02
-7.286844855548046951e-02
1.085332104733411906e-01
6.263784845520103950e-02
1.191406819870175493e-01
2.972248793465914751e-02
-3.329992470855969167e-02
-5.798475928532886847e-02
3.424779345739814573e-03
1.286709011944666692e-01
1.927415117763289221e-01
-4.239632265473369799e-02
-2.699319728809224106e-02
6.774671133676646306e-02
1.137572232466002031e-01
3.483982359626836001e-02
3.249451931106461799e-02
3.330904610321083759e-02
-2.071659943754766697e-02
1.274205122508309529e-03
-3.073180606573933105e-02
-8.851172852678335090e-02
1.132671580734156969e-01
-1.455006175936184309e-01
4.398587117673735669e-02
-9.174663058105270164e-02
1.563057573548807255e-01
-1.403322271419982226e-02
8.566385654955421813e-02
1.746845531852487809e-01
7.184570551540092609e-02
-3.375156619347596809e-02
-1.751089299257001519e-01
3.689864030873546419e-02
6.716533336180363634e-02
3.185409925466253789e-02
1.189088497832775371e-01
6.667983048837045068e-02
2.939837292410762970e-03
1.661401663576622667e-02
7.867312744927645873e-02
-2.833489447722259413e-02
-8.308953570370847252e-02
1.068511659014892423e-01
-8.642475664856352768e-02
3.322693782557206710e-02
7.741881770571001908e-02
1.589305662642526151e-02
4.042728749656765430e-02
1.155330018313582841e-02
1.521700273145201177e-01
-1.088080135265351300e-01
4.706434158820771430e-03
5.572840571265325060e-02
3.093085043510734877e-02
1.016697852933825530e-01
-8.438485834203479641e-04
-8.789241701536909535e-02
-9.474454261380715892e-03
2.070341760917959739e-02
-2.362107708288307961e-02
-1.077163867861274937e-03
-8.428348314145694964e-02
-1.428133575776668884e-02
-1.841479166541526435e-02
3.974248527526857977e-02
8.637129013850319836e-02
1.405410075042381468e-01
-1.350239568769600051e-01
-7.610330739804083144e-02
-9.953098416099970258e-02
2.749141606945304517e-02
1.740348926591894774e-02
3.590352398383633847e-02
3.728086443340816736e-02
-4.909167840929495874e-02
3.156525861270798039e-02
1.956334439280404958e-02
9.421514168253986021e-02
1.260611822470640853e-01
5.946746332664964996e-02
1.671846844653179787e-01
-2.097758889040737262e-01
4.040591943915816664e-02
4.091965871471026084e-02
-1.537216385654749384e-02
6.425536292354916412e-02
5.226232806251962515e-02
7.589486621051144688e-02
-2.199452084256947604e-02
1.329969037451061986e-02
-3.186232106007436116e-03
-1.331414419188738929e-01
8.218730889900016656e-02
-1.442826815989213252e-01
-5.400399293949087465e-02
1.900964117472667692e-01
7.288229776595867015e-02
9.126092427179832711e-02
-6.321324380842330282e-02
1.103045506298938605e-02
-6.818604799575411768e-02
-2.582018377642392171e-02
1.211372874439906600e-01
1.882505357605028795e-01
3.013560909414203515e-02
-7.344351399299375860e-02
-6.368403660972379310e-01
-7.171508370025296841e-01
-6.067170114535477277e-01
-7.747527168203629522e-01
-7.238369453637591988e-01
-7.860880625471565741e-01
-7.754719246704715463e-01
-7.368166428279641078e-01
-6.708126228209846387e-01
-8.183293499632019463e-01
-7.090724377047120663e-01
-8.703309846613257461e-01
-7.626536032978405988e-01
-8.268723110828281042e-01
-7.400326444478144694e-01
-8.645714314576189441e-01
-8.648543065981733058e-01
-8.530798238751780005e-01
-9.081737285015950567e-01
-7.220214028436098275e-01
-8.880913735176758639e-01
-8.871375408886857938e-01
-8.148037842660181829e-01
-8.327893178601816215e-01
-9.187674586046860048e-01
-7.212120525485836708e-01
-6.888541670630652369e-01
-7.103306866898033700e-01
-9.917892802211566439e-01
-9.015780474061483307e-01
-7.969774796374247128e-01
-7.919112313824882010e-01
-8.700166057758685900e-01
-6.981437989517906839e-01
-6.814715716213680663e-01
-6.684125648015222243e-01
-7.519296702795625897e-01
-8.856430592617986486e-01
-7.480591879862988902e-01
-7.717294511950586466e-01
-7.835225297396120059e-01
-9.367910306313186330e-01
-7.709114399934963169e-01
-6.586231529261358242e-01
-6.508675133332187945e-01
-7.462519538406719999e-01
-8.703552840156656423e-01
-7.184214396042010176e-01
-8.451203715434187913e-01
-8.411045974658568625e-01
-8.616225862456959872e-01
-7.374097102539663995e-01
-8.284567621537048954e-01
-9.152701837170434951e-01
-8.741730912076624005e-01
-7.817784115461298144e-01
-7.745403126267835781e-01
-7.920531598564559683e-01
-9.488591836703547111e-01
-8.091320613763511860e-01
-8.305166160283746768e-01
-6.886569840488664385e-01
-7.591466717628081451e-01
-8.345673681534402366e-01
-7.397157737440609448e-01
-6.593986964183490285e-01
-9.263923745236026797e-01
-7.713991757571605490e-01
-8.436502296774621712e-01
-6.821511543180880377e-01
-7.388761925995529500e-01
-6.714059393497657791e-01
-6.379639274696090601e-01
-9.234407019069228451e-01
-7.308195240031025719e-01
-7.782270594411078157e-01
-1.000000000000000000e+00
-8.365789801907338452e-01
-8.150392072571019941e-01
-8.645419152011238895e-01
-8.518432818978491916e-01
-6.449271471047370863e-01
-6.994001022976572557e-01
-8.424577822953647210e-01
-8.445033653959431730e-01
-7.333456961066687763e-01
-8.311992231920726226e-01
-8.050752223115666961e-01
-7.161618011803295714e-01
-8.119486333260230726e-01
-7.223143005004626360e-01
-7.935777256352295472e-01
-7.594883217657425467e-01
-7.364592214403300474e-01
-7.704676234358038833e-01
-7.287741617370531166e-01
-8.209789497173594075e-01
-8.800056467879854294e-01
-7.961907371388877719e-01
-8.201875706540346922e-01
-7.010327679351902042e-01
-8.747021792377769334e-01
-8.388544996714498714e-01
-7.733386834283930700e-01
-8.269145377751532244e-01
-8.268935705873502462e-01
-8.390582793920147164e-01
-8.083938082150130544e-01
-7.365766575507135538e-01
-7.798490921338502302e-01
-7.085836593875638467e-01
-7.218400917907232817e-01
-8.520742546958451902e-01
-8.054278919029507211e-01
-7.993204796852140248e-01
-8.730064640981713975e-01
-7.137209407097226954e-01
-7.381303671964740687e-01
-8.283053072480480727e-01
4.727427819211971194e-01
3.531438838606615338e-01
2.998893945435732178e-01
4.313823510379848347e-01
4.435341658920373131e-01
3.513028257820820510e-01
4.914707889891447579e-01
4.393788759187902127e-01
5.606221889153262250e-01
4.533583387216661986e-01
3.017207760473890055e-01
3.983136747184388149e-01
3.809858767937870372e-01
4.136397365303148277e-01
2.967478866189419140e-01
5.123155410119559772e-01
2.511055563095789811e-01
5.947332998336256615e-01
3.059498431676963559e-01
3.745315564345925718e-01
3.702498878593232234e-01
5.045385609328407739e-01
4.163029367447916851e-01
4.271813902515038119e-01
3.445954170503313652e-01
4.465054169136777329e-01
3.903626235912647235e-01
4.723358087846245557e-01
3.894323788721554269e-01
4.797947145224326082e-01
4.318538182888502774e-01
3.065822820675698779e-01
4.478298833429312786e-01
4.721706950042423578e-01
5.443328321737859188e-01
4.834618664278049760e-01
3.809286112626326659e-01
2.643939788723752571e-01
4.284251700570753663e-01
3.059951714018431801e-01
3.347242176570770500e-01
3.552877106466407753e-01
3.712087123838441194e-01
4.872635212218698886e-01
4.973889464455665266e-01
3.373436811634162869e-01
3.638973525902478023e-01
4.708892070537982200e-01
3.221571022952829377e-01
3.470715569940692191e-01
4.510508201677210227e-01
3.377636748754835327e-01
3.207997950811101173e-01
4.068161617972116950e-01
3.520906201538589464e-01
2.737854662009109319e-01
4.000099102242815619e-01
4.514585657957779219e-01
4.449992115307854768e-01
3.427230831889913620e-01
4.670651346883276656e-01
4.322127829839454982e-01
4.453693212217639807e-01
3.707773719270559543e-01
4.530922450972321158e-01
3.543634415700462892e-01
4.208340832213726124e-01
5.052714423937239019e-01
3.924308683839936585e-01
4.959854291212990596e-01
4.021889478892655134e-01
3.537756742959778933e-01
3.669878750299619963e-01
4.906405780664664373e-01
3.729004342152875129e-01
2.863980493825291074e-01
3.447633681499671088e-01
3.636177899737091934e-01
4.563336020146713246e-01
4.561564943190665744e-01
3.898484874686143353e-01
5.395196698573316851e-01
3.620727607575324747e-01
3.532235544991713105e-01
5.090262898567941008e-01
4.506601837677484124e-01
2.961323772496700091e-01
3.467600040451339627e-01
3.655857925113210616e-01
3.277084438919846132e-01
4.605706303940604318e-01
5.069089377036730681e-01
3.684992429093811861e-01
4.668765582603324749e-01
3.293269230710895723e-01
4.290261105546728793e-01
4.335058491040884032e-01
3.458585956438260389e-01
3.805719768088555721e-01
3.166195123641477593e-01
4.172714321030794871e-01
3.441178927586119318e-01
3.506094224525830860e-01
3.486563365397430392e-01
5.056770481228363145e-01
5.422809763545424211e-01
3.503037106917319399e-01
3.861435579970431409e-01
3.805615566700706331e-01
3.257156765627571282e-01
3.192541090348273158e-01
4.549529282538886665e-01
5.307357509438177523e-01
4.914110891846090734e-01
4.069251665319446598e-01
2.502698988892058107e-01
3.847077983896827202e-01
3.192024660143943926e-01
4.802300522943960814e-01
4.047346326088068214e-01
4.350027453108880060e-01
4.546545613868981928e-01
5.019756650013862398e-01
5.087415372303931704e-01
3.709074717813933830e-01
4.343314955816834910e-01
3.653623332348614472e-01
4.030505064079523692e-01
5.066128745514435483e-01
4.284614346600916779e-01
1.942403260646006213e-01
2.897786009041005695e-01
4.041558728314036397e-01
4.059703007824706500e-01
4.962549062963930169e-01
4.813326636902279798e-01
4.170056692610428772e-01
4.824977135236081516e-01
3.571517448667107519e-01
4.366776140460995048e-01
3.732665750987309572e-01
4.665507870150245040e-01
3.236113162201446070e-01
4.476533294438815869e-01
4.065111988583163249e-01
4.005986278240531995e-01
4.029734422544017924e-01
3.189731458835776134e-01
4.223556090072861924e-01
2.907667871830228457e-01
-4.791993989539304888e-01
-4.913236033046420870e-01
-3.368435507935243489e-01
-3.018366263230504165e-01
-3.521892045206062027e-01
-4.756440483297398325e-01
-3.679222879157539872e-01
-4.980634554927261259e-01
-5.276933701764827678e-01
-3.288657250922351061e-01
-3.605488256143103420e-01
-4.763135401776397160e-01
-3.096118092730536508e-01
-2.753253705440550370e-01
-3.961124392826506080e-01
-3.583251646667316992e-01
-3.971037481924099000e-01
-2.679407995337150794e-01
-3.943206353901198558e-01
-4.818806059513511819e-01
-5.406095146932967666e-01
-3.349434287281953804e-01
-4.084352605835790406e-01
-3.159545356159635388e-01
-3.128510171215519442e-01
-3.873094290924736782e-01
-4.880205308237879347e-01
-3.570678355443946961e-01
-2.363505858709801233e-01
-4.351568561670243751e-01
-4.104209842022705779e-01
-3.499685163148167355e-01
-4.238211539030420916e-01
-3.601337018305235116e-01
-2.213286238206051415e-01
-3.223859813432325971e-01
-3.467127493030049967e-01
-2.887623860685677446e-01
-3.664714290316359868e-01
-3.130584997205383413e-01
-3.187502374120886328e-01
-4.305011866852666014e-01
-5.529126845309446647e-01
-4.866734607183014205e-01
-3.786958631512699069e-01
-4.506324279721207748e-01
-4.900740017688632877e-01
-3.202198829191436058e-01
-2.197340415584706497e-01
-3.679069460753356946e-01
-3.171514614572829016e-01
-4.768721979274741507e-01
-3.702188311469140070e-01
-2.943962175145192761e-01
-3.481984049805147974e-01
-4.263671391918417708e-01
-5.162246579605789254e-01
-1.966704127925864576e-01
-5.234748023522959315e-01
-4.814589557138733156e-01
-3.863302692816457107e-01
-3.357943566081961206e-01
-4.965795870809539547e-01
-3.706080506674435115e-01
-3.227695342525319644e-01
-6.012579165004372506e-01
-4.999353118727278833e-01
-3.510645929801109455e-01
-3.124554532194128154e-01
-4.397032723559514134e-01
-4.237023312838349431e-01
-4.223081299432237534e-01
-4.865193419148560183e-01
-3.447920891853131220e-01
-3.384151889118102163e-01
-3.828673158066376869e-01
-3.916885087098234131e-01
-3.518195737636731213e-01
-5.069688480523066865e-01
-4.296574599324261001e-01
-4.491163859066179542e-01
-5.536034988582569927e-01
-3.253928644986904262e-01
-4.512584392378999887e-01
-3.472578121757902148e-01
-3.699499257355927107e-01
-4.172056812789080027e-01
-3.764344132500703211e-01
-3.045361451248035367e-01
-4.770977802361698883e-01
-4.033748946651016798e-01
-4.154609508930189321e-01
-3.676690775196476135e-01
-3.128921051033000111e-01
-4.172076887064866124e-01
-5.857498132642473543e-01
-4.040268288406781982e-01
-3.765220267036960555e-01
-5.071675891220512877e-01
-4.632388992331222255e-01
