-7.079391846946700984e-01
-7.199514402516321576e-01
-8.378545597267372802e-01
-6.818221626986975537e-01
-5.746893477641162873e-01
-7.618456151647252650e-01
-7.643109570579305068e-01
-7.153825534121558416e-01
-6.528256118402773200e-01
-7.043946794333328931e-01
-7.495874029893800916e-01
-6.599677515287447616e-01
-7.592160187941833227e-01
-5.975079767523747698e-01
-7.160789389196859922e-01
-6.536632488058036206e-01
-7.189278274861639062e-01
-7.468234942778645413e-01
-8.887300282561159115e-01
-7.985802247841491397e-01
-8.492641803744707119e-01
-8.193396439258615604e-01
-6.722567131754924041e-01
-6.576275024176772011e-01
-8.054501817087876825e-01
-6.626873213915902561e-01
-7.194908721972114174e-01
-7.585664787562131917e-01
-6.784078254423404619e-01
-6.434501732088916404e-01
-8.333791842122986182e-01
-6.532763768994283016e-01
-7.143985041589344664e-01
-6.595387967790988792e-01
-7.583022748625266596e-01
-5.684392744197687142e-01
-6.675660516631327646e-01
-6.497295832159458717e-01
-6.927757984057092422e-01
-7.083489987321587300e-01
-7.040526797199895270e-01
-9.242863350633818698e-01
-6.993373727773942727e-01
-7.430809138387668433e-01
-8.005762763495962719e-01
-6.644105732900491557e-01
-8.438171068939732677e-01
-6.950551367774336908e-01
-6.490521007512299878e-01
-6.996869191301602342e-01
-6.472547842792730766e-01
-7.219865521598753944e-01
-6.955720200453553437e-01
-6.431186960249301032e-01
-7.047076400486060876e-01
-8.739369316200470417e-01
-6.275366684472492018e-01
-8.256303853127899828e-01
-8.131522417799764701e-01
-6.214346844714280227e-01
-7.047228541182830597e-01
-6.828555666491971099e-01
-7.459785534520810835e-01
-6.836020692652047259e-01
-7.752860016822188394e-01
-7.458577172954111711e-01
-8.897986342564889739e-01
-7.107541460798034727e-01
-6.870851428679904949e-01
-7.551181259723174222e-01
-7.124664540163965221e-01
-6.981955103582691002e-01
-7.642317510207539133e-01
-7.122036659615014198e-01
-6.152645587205043398e-01
-7.653252272039932080e-01
-6.187261486198043503e-01
-8.303822329643429923e-01
-8.246509674193974737e-01
-6.205652366187330848e-01
-6.606755089740593556e-01
-7.752720947520452821e-01
-7.287491956172702512e-01
-7.084175967211499003e-01
-7.616306674358417350e-01
-8.356023136917346550e-01
-6.086445475722255249e-01
-6.727647196111461447e-01
-6.719842006308514026e-01
-6.726781392350067446e-01
-7.562897697475672310e-01
-8.689787361285953304e-01
-6.932372054258930660e-01
-7.449770312325898480e-01
-6.702340495289011990e-01
-6.713594474587355476e-01
-7.511723278614490518e-01
-7.279541115344885238e-01
-6.852097607659133338e-01
-7.654702215137616506e-01
-7.961723048692934679e-01
-7.015951034753665772e-01
-6.953268453253368397e-01
-7.968095066317154584e-01
-8.070753296818503619e-01
-7.229521025474502371e-01
-7.346645142795167338e-01
-7.435115021623630582e-01
-7.476640433288910259e-01
-8.063930960480459875e-01
-7.573540496162768365e-01
-8.613328219101481498e-01
-7.492800951822597977e-01
-6.929002237410264442e-01
-8.063127991049132692e-01
-6.314466700286047729e-01
-6.882019541169928090e-01
-7.074754165035908038e-01
-6.487503720932390472e-01
-8.249189823759708329e-01
-7.744645006613696259e-01
-8.621643604063753408e-01
-7.324991999926464548e-01
-6.475672640256139312e-01
-7.752828919981137323e-01
-5.948310341107506671e-01
-7.523776993390978163e-01
-7.081256378544398267e-01
-7.565503069040017126e-01
-7.941741170891813972e-01
-7.466475054787902188e-01
-7.552167857350409186e-01
-7.288359128207531068e-01
-6.238655119834025653e-01
-8.609634799720174980e-01
-7.721334165229039037e-01
-6.525874674590252944e-01
-7.458088606668220599e-01
-8.271492720425964729e-01
-7.442377665065302850e-01
-7.286971862309763459e-01
-6.813620481039200927e-01
-8.920795824288114684e-01
-6.738021924625027248e-01
-7.154435048581937462e-01
-6.478489631593344900e-01
-8.330527789498085589e-01
-7.581703668998328594e-01
-6.582581266481097870e-01
-7.801515583721436720e-01
-6.904164881838436019e-01
-6.525696167671493075e-01
-7.750313628420542056e-01
-7.571709919266913502e-01
-7.052122238089431061e-01
-7.657227090410860804e-01
-6.160993056963042225e-01
-8.318060454889100175e-01
-7.918386715802455678e-01
-7.493298138536510500e-01
-8.268210262176027836e-01
-7.490144927763915383e-01
-8.140743460973268730e-01
-7.625575150189070062e-01
-7.455716292350975660e-01
-7.780070809949501953e-01
-6.820498890224879762e-01
-7.086951403293700880e-01
-7.075483398958792858e-01
-7.009790828751052416e-01
-6.352066438476448029e-01
-8.240807287918853197e-01
-7.697459111313966762e-01
-7.671922562834798676e-01
-8.084872538464152880e-01
-6.918104518290070226e-01
-7.002914845359337059e-01
-7.117962877066486005e-01
-6.332453974418429388e-01
-7.030828177396996059e-01
-7.420531752362276023e-01
-7.184720673298583549e-01
-7.093598971890635596e-01
-8.278941525134742019e-01
-6.644328906784700006e-01
-6.735108510964559203e-01
-6.460726406103197705e-01
-7.163142995147844250e-01
-6.305876977896585078e-01
-7.130638876501188550e-01
-7.713666613320787624e-01
-6.727384504933773268e-01
-6.504482217623613893e-01
-8.216704447854746851e-01
-7.980663113536083930e-01
-5.968443795500240068e-01
-7.501013532707254683e-01
-7.141154395286205547e-01
-6.397547704152495296e-01
-8.817394998038312615e-01
-6.440969789425827763e-01
-7.487215439975853926e-01
-7.647107703431410552e-01
-6.513871807597093611e-01
-7.130550792430547791e-01
-7.635918459954778026e-01
-7.095239954741574540e-01
-7.913385731306032955e-01
-7.256866973139547428e-01
-7.438374960007327896e-01
-6.442197791348769353e-01
-8.558935836502995498e-01
-7.174556138476217981e-01
-6.869744602425557067e-01
-6.860666817474618817e-01
-6.651171516812208750e-01
-7.824842952705369781e-01
-8.352135996514091776e-01
-8.737601687497794645e-01
-6.962660006238396981e-01
-6.037242844326076163e-01
-7.596046654553583188e-01
-7.068890378619478998e-01
-7.168250776092554011e-01
-6.926622202990468935e-01
-7.392558689716303144e-01
-7.556391908390690526e-01
-7.472188477036191268e-01
-6.505887691301841524e-01
-6.483111398981893370e-01
-8.021283469561713009e-01
-6.888749363792520120e-01
-6.709715165473127962e-01
-7.194524863535036729e-01
-7.434004302812762255e-01
-7.966802765874194669e-01
-7.354703246334199918e-01
-5.908975928879356410e-01
-5.815074364462425871e-01
-6.900719426003765200e-01
-7.603953125103994903e-01
-7.329885930795064786e-01
-6.831392896249133262e-01
-7.501569054498180567e-01
-7.681377956001564922e-01
-7.263412979254317836e-01
-7.563779775609990041e-01
-7.560596749660165594e-01
-7.740396018867687911e-01
-6.696464318688581940e-01
-8.418023249131596497e-01
-6.879406008965474051e-01
-7.905501141292181622e-01
-6.790515750118912841e-01
-6.984659713474450360e-01
-6.050813030949135918e-01
-6.915130975230889820e-01
-6.965559527542349860e-01
-5.868948938561725504e-01
-7.859572751805175006e-01
-8.123269891537698850e-01
-7.863236731739458030e-01
-7.296544017647802471e-01
-7.404991194768961726e-01
-6.912877751923011127e-01
-7.626906280820073825e-01
-7.946845749596633812e-01
-7.760562109484075988e-01
-6.448648034579307353e-01
-6.747429852494026825e-01
-7.939274593084715281e-01
-6.522478476415011217e-01
-7.303445748712514840e-01
-7.976111158933645306e-01
-6.375351630069525655e-01
-6.629803170455370598e-01
-6.880528271993424649e-01
-7.871686992045717757e-01
-7.749391051396644636e-01
-7.446377901063161442e-01
-8.904847011956714686e-01
-8.565608833346309847e-01
-7.918647182951005226e-01
-6.066409991697867543e-01
-7.267645776900447663e-01
-6.681886493850519582e-01
-7.034122504669516607e-01
-6.770105462978577293e-01
-6.039323107999123863e-01
-7.734005332380795572e-01
-8.455712680364730893e-01
-5.705659873225095158e-01
-7.973708882813966836e-01
-7.426147372477760467e-01
-8.141605595092396008e-01
-7.881697542895603759e-01
-8.081024103020673088e-01
-7.016944461685232781e-01
-7.402558589495803476e-01
-7.346661173200492723e-01
-7.957068233772041088e-01
-7.775714981174003393e-01
-6.896639159315803846e-01
-6.372447153595786062e-01
-7.920213150115871237e-01
-6.446926136008378494e-01
-8.035340235782763019e-01
-6.234760060909767532e-01
-7.035970207931856457e-01
-7.412517507008022921e-01
-6.986158385320946351e-01
-7.300489014959494760e-01
-6.922693913759923046e-01
-7.646905535753332206e-01
-6.448623133094210091e-01
-6.799695036148106775e-01
-7.586381729265604390e-01
-7.484543571393487138e-01
-8.129777264720148278e-01
-7.492222506658288150e-01
-6.680195199994447552e-01
-8.296330740987427621e-01
-6.589360928295722175e-01
-6.821640022755484090e-01
-7.231359354952862084e-01
-5.802352863167964392e-01
-7.348620845689401992e-01
-7.118966728280227141e-01
-8.108176790628376374e-01
-7.288910428568572408e-01
-8.257329567762139444e-01
-6.770584871760583212e-01
-7.431535681719809716e-01
-7.218974622703719923e-01
-7.464465176976942118e-01
-6.495156585199242105e-01
-6.638513117303471711e-01
-8.660704129695472320e-01
-7.693190544890726734e-01
-7.735946124167834004e-01
-7.943067917340779216e-01
-7.314600503532002751e-01
-7.738813937131904241e-01
-8.444301063586427958e-01
-6.526112045496965663e-01
-7.835139374922401867e-01
-7.534746482367576936e-01
-7.465559565873867154e-01
-8.500960359233712405e-01
-7.347166575489691986e-01
-8.263980073223707867e-01
-7.648175680431031909e-01
-7.015229488193522878e-01
-7.101322246582562059e-01
-7.681730476671539964e-01
-8.969627035769983658e-01
-6.120194133167997652e-01
-7.176603007391435529e-01
-7.743176329134944247e-01
-7.866876294859944663e-01
-8.320680943199294521e-01
-8.233916634883013952e-01
-7.607476554831816840e-01
-7.784896896901980501e-01
-5.417545004252113383e-01
-6.879399344311747377e-01
-6.920808976757963915e-01
-7.688831537682461192e-01
-8.363259769039923519e-01
-8.627665046689376727e-01
-8.561818836866441629e-01
-7.294540201801291701e-01
-6.759530603712263774e-01
-7.079448831690204891e-01
-8.518412075414675266e-01
-7.182335980285379229e-01
-8.010261760746107962e-01
-7.213580193920005046e-01
-6.524909482486402901e-01
-5.818413440244294410e-01
-6.824586788078207400e-01
-7.416637068204788852e-01
-6.948528186417983754e-01
-7.812435707514808758e-01
-7.858812112874078437e-01
-8.125328988574467282e-01
-6.963351178917012163e-01
-7.043746823422872838e-01
-6.682206190569668358e-01
-6.881561359946988254e-01
-7.929472977254397037e-01
-7.512926919543454485e-01
-8.368223916533399365e-01
-6.565960375742032618e-01
-6.537365299182351652e-01
-7.283622355700398732e-01
-8.308699771914512811e-01
-7.493392431707849299e-01
-6.377669878151794869e-01
-7.170603738215147738e-01
-6.211789101997202689e-01
-8.380963151749682982e-01
-7.067928526826454672e-01
-7.156612498094714336e-01
-7.161016152891501729e-01
-7.552332664768002246e-01
-7.121035400244201119e-01
-6.132614398199258687e-01
-8.223138347084422151e-01
-6.099431966551753792e-01
-6.249229880975587514e-01
-8.265990368209967798e-01
-6.985972829359474723e-01
-6.292290115339371770e-01
-6.223682903715204162e-01
-6.530493486117729951e-01
-6.145533010989372436e-01
-7.869851337887167064e-01
-6.398196017467379093e-01
-7.382519115390386855e-01
-7.659375529106957625e-01
-7.722686565356740029e-01
-7.535360568029000339e-01
-7.205871339628251437e-01
-6.368134374651901464e-01
-5.939202723402263739e-01
-8.028206407338740469e-01
-7.429891199614141462e-01
-7.765199818026697898e-01
-6.695653511732029273e-01
-5.511714806064291761e-01
-6.803602615129707987e-01
-7.433258827458231188e-01
-8.043271460294694197e-01
-7.181962748821074660e-01
-8.148382244236158645e-01
-7.664741680436966131e-01
-8.772493599012884946e-01
-8.191195495439520524e-01
-7.459894015578991677e-01
-7.165890041102007668e-01
-6.868045203828669898e-01
-7.888821024931347292e-01
-6.653737948867142205e-01
-7.265528833723287061e-01
-6.721178521406535600e-01
-7.796363947435203112e-01
-6.779876405064433342e-01
-5.146678767963603907e-01
-3.821743608689278648e-01
-3.383897850452969314e-01
-3.834170315384739514e-01
-3.969031240902545221e-01
-3.147886812927527256e-01
-1.951702267051109718e-01
-3.259982274521228129e-01
-3.370495528471082469e-01
-3.425245904480275216e-01
-4.145118507941886188e-01
-3.720958409693784219e-01
-4.212973795423168299e-01
-3.925997448766953557e-01
-2.421173120072854790e-01
-4.000461367734838847e-01
-3.517125077999252447e-01
-3.942801557946887803e-01
-3.034730305949221441e-01
-3.628693629258041842e-01
-3.749320242613040088e-01
-2.778922967291630464e-01
-3.663543240112383526e-01
-2.909256418254712040e-01
-4.229475141737275568e-01
-5.060177130233780574e-01
-4.466848000913691275e-01
-3.710752316598734390e-01
-2.542200918737949067e-01
-3.607990950676166486e-01
-3.579553626894277363e-01
-3.174015784296115861e-01
-2.847154005076769634e-01
-3.706307504399365405e-01
-3.991548996430023255e-01
-2.785301212853370512e-01
-3.174902912664487875e-01
-3.555011175659645861e-01
-3.522620319323431781e-01
-3.975579854404528435e-01
-2.350658698600843755e-01
-2.784304115780028566e-01
-3.824640820883616898e-01
-3.361667811410807838e-01
-3.532188872600088292e-01
-5.097199296399276269e-01
-3.546376986590551450e-01
-4.800760530808615423e-01
-3.380211286866167120e-01
-3.742801171341125777e-01
-3.046094215178468678e-01
-4.015355454157600867e-01
-3.076038191075235462e-01
-3.071572792677875752e-01
-4.409933116023261324e-01
-3.838225492154113683e-01
-4.367946693362770860e-01
-3.374563916331849711e-01
-3.609847220724742289e-01
-3.479424119993311804e-01
-3.221438881240883401e-01
-3.044639825787438525e-01
-2.879531592093285131e-01
-4.838979605799168526e-01
-3.403866194976810089e-01
-3.560984402666922399e-01
-4.553494993908409061e-01
-3.434996625540363002e-01
-3.747219282151705855e-01
-2.842878952131494552e-01
-4.363852324290701246e-01
-3.500407485020786691e-01
-3.743194257949882253e-01
-4.904907277912241570e-01
-2.811285836896921797e-01
-4.789730526742418393e-01
-3.166233613623179455e-01
-5.779122886853824692e-01
-2.075726635871670833e-01
-3.335532775265473981e-01
-3.182679182206312740e-01
-2.222088882501873641e-01
-3.864601360043963263e-01
-3.162975801541590970e-01
-1.862581279087620612e-01
-3.276247970301344736e-01
-3.679361258038972293e-01
-3.743293196436000558e-01
-4.668673108323484477e-01
-2.880207692501267625e-01
-3.005214717681875536e-01
-2.694658121671130724e-01
-4.381887825736716646e-01
-2.787091560474381779e-01
-2.985788172597823031e-01
-2.297476155467534920e-01
-4.282920555830960208e-01
-5.283440952043256811e-01
-4.265200250164493667e-01
-2.012599634704291818e-01
-2.286108859680781036e-01
-2.938114373055604744e-01
-3.013824651840276703e-01
-4.029694572922143392e-01
-3.249329556315478928e-01
-2.073523718568168750e-01
-5.097114041706058973e-01
-3.253782841933264836e-01
-3.630812076118407061e-01
-3.952071962330567789e-01
-4.565508152188038071e-01
-3.659199412194965584e-01
-4.314991403521880597e-01
-4.414972374110788245e-01
-3.521899765458872400e-01
-3.811344734560976333e-01
-3.340759862453398510e-01
-3.891842860368439627e-01
-4.920663591989565822e-01
-3.699112595590914321e-01
-2.942873825850468306e-01
-3.450347948386376373e-01
-3.447371240264712755e-01
-3.641500199143309358e-01
-4.542303921144040801e-01
-3.754698719783131633e-01
-4.175875472096384211e-01
-3.834663955190655837e-01
-4.392706084215218798e-01
-4.309954695539652825e-01
-2.512869932098513726e-01
-2.036500702888136560e-01
-4.020216644764977865e-01
-3.338589462220254989e-01
-1.663887314404551843e-01
-4.395465378524057165e-01
-2.435056379818267835e-01
-3.881525318231696664e-01
-3.644921728603335298e-01
-4.609918631262595046e-01
-3.092548173363345310e-01
-2.642474751765541141e-01
-3.576304062567459141e-01
-2.505052916721706158e-01
-4.766870823287787662e-01
-2.695904617403717118e-01
-3.205520603678343461e-01
-3.472526423280136720e-01
-3.278311294251083918e-01
-3.159445299751760805e-01
-4.019390550163266518e-01
-4.063097324297232360e-01
-4.379462684119679317e-01
-4.586222619663361533e-01
-4.668085140891357065e-01
-4.490437173572369156e-01
-3.580645071909669408e-01
-3.244158365441273117e-01
-3.280307011423161390e-01
-2.850234539810242440e-01
-2.962732902365742271e-01
-2.783162680460178340e-01
-4.468816504793686750e-01
-3.633374182742518110e-01
-2.509949190064368896e-01
-2.976444322774467466e-01
-2.987331842058839060e-01
-3.978782040631988481e-01
-3.346016325722546148e-01
-4.623600736985077342e-01
-4.975803772565470240e-01
-3.383984895065275111e-01
-3.447814227151304589e-01
-3.208720144596813872e-01
-4.431781547095654528e-01
-4.619975314508828479e-01
-3.607703069698996456e-01
-2.701634983191870676e-01
-2.829497464604646684e-01
7.295512969645456813e-01
8.719567117045607940e-01
6.893890243080549318e-01
8.085080424946513578e-01
8.231632655959344458e-01
8.734770990123750245e-01
7.553886719163700469e-01
7.209522441421025718e-01
8.149361864075699291e-01
7.886939295464965305e-01
7.938668953361669445e-01
8.390216101910805691e-01
8.598250835669656311e-01
7.830680527748299369e-01
7.941362876515705160e-01
8.221823550103350975e-01
6.839002732844503551e-01
8.869141560800302138e-01
7.458615045384178188e-01
7.136829272450462280e-01
8.320613905705949165e-01
9.218308071161180894e-01
8.250715915753994434e-01
8.381596483532685049e-01
7.007719323113521526e-01
8.072130807481769921e-01
6.305176706750952320e-01
7.105532785459807155e-01
8.371684690423639719e-01
7.601303586781833488e-01
9.851536563397940149e-01
6.552075859664370228e-01
7.867386144090264821e-01
6.836970866887135401e-01
7.735949567475954858e-01
7.581524211009311731e-01
7.413597512765470743e-01
8.419356865264346901e-01
7.172660178229717243e-01
9.396202133515565436e-01
8.260110771519006967e-01
7.259232345916433182e-01
7.192590559044043097e-01
8.404617918441061875e-01
7.534198503201727792e-01
9.076797236388451928e-01
8.480821964535270041e-01
8.789423325097673878e-01
7.119128034841235575e-01
9.244291283740817544e-01
8.060941448808691678e-01
6.427323152106105830e-01
8.001165859431971228e-01
8.278815438445974451e-01
8.533182872424793786e-01
8.628845067821986348e-01
8.514287805244735718e-01
7.902918668120677559e-01
8.194725781403113807e-01
8.289671269853191582e-01
7.736326328341234237e-01
8.225089804171079599e-01
8.647160822768216182e-01
7.003437291276290999e-01
7.143068826831022733e-01
8.543039762988062780e-01
7.452587359823583668e-01
7.729313388648419991e-01
7.585623276366941781e-01
6.179464214793215504e-01
8.858910341664139043e-01
8.555447981838004701e-01
7.562270304595231085e-01
8.018773395160130324e-01
8.032939936829610605e-01
8.508606081018703637e-01
8.384976324440824857e-01
8.498192458155040541e-01
8.639704626757982453e-01
8.296058344569521292e-01
7.702777379273020308e-01
1.000000000000000000e+00
9.457550930882996365e-01
8.470081576108892119e-01
7.506288229404045609e-01
7.256638831778348120e-01
7.602034411915548073e-01
6.877319158062205062e-01
8.001903778958563418e-01
9.154651432047642423e-01
7.636534324268118290e-01
7.805414162623467433e-01
8.005865168556920430e-01
8.557325393712038597e-01
7.095952539742556020e-01
8.042841998474579146e-01
8.488798997192119611e-01
7.223352873562320919e-01
7.097033937645893520e-01
5.079782258635565650e-01
4.157766141043635066e-01
3.788095736660319623e-01
4.111572479237608491e-01
3.950679615702810121e-01
4.202545624158482429e-01
4.477280361714566226e-01
5.640539740519729950e-01
4.438681825335677456e-01
4.294708590297766637e-01
4.389342756084366748e-01
4.837537082213374529e-01
3.775803033813081022e-01
5.216966833525624736e-01
4.031228465799370220e-01
3.782867622868595348e-01
5.077171622771130544e-01
3.489326686960603219e-01
3.680196377414692854e-01
3.902415634589910809e-01
4.102076569975294795e-01
2.534224527367998636e-01
4.204216214674072472e-01
4.881049417783056565e-01
2.902430043379022884e-01
2.643320018586055031e-01
5.167589596126525020e-01
2.945857199951906757e-01
3.549199451624669432e-01
4.697761161968116994e-01
3.334768702993773370e-01
3.900336098906937998e-01
4.089553471395632744e-01
4.716966508659092838e-01
3.247053205841325951e-01
4.270377938947662599e-01
6.181328263530165845e-01
5.246954714178022616e-01
4.987358812934628016e-01
4.899287378137879845e-01
4.223513097891922197e-01
3.795889298647816545e-01
5.011447169864102769e-01
3.726270638769635379e-01
5.855274758909587707e-01
3.629747880461273724e-01
3.980600523021380344e-01
4.808861214267012851e-01
3.849060227633864795e-01
4.911465891679889229e-01
3.569927587323651341e-01
4.699419209703452616e-01
4.757975138604531029e-01
4.264524299850658284e-01
3.845256538850962968e-01
3.564453850575941551e-01
4.407982461107611272e-01
4.876551912006783507e-01
3.583026043422004037e-01
5.545025996848660377e-01
4.669787971324625975e-01
4.478802373701886719e-01
4.377580405581040779e-01
3.905672049646184973e-01
4.971281450130922153e-01
4.464838461634896838e-01
3.162484278221169287e-01
4.239441264061318826e-01
3.432541736757002138e-01
4.489803834572847485e-01
4.156427690270148023e-01
4.513704639670739205e-01
3.424202240088756177e-01
5.192879925021403054e-01
4.609916007919119263e-01
4.779931058765576335e-01
5.512876094351808476e-01
4.639869505234419655e-01
3.566128531727776885e-01
4.216648569763383758e-01
4.167435858560386563e-01
3.868512905316481287e-01
4.143116531433772565e-01
4.301090977826831363e-01
3.997238024598139816e-01
5.196340575113853610e-01
2.668617846997580756e-01
4.084421772330733003e-01
2.946393592856271226e-01
2.901299286230163421e-01
5.071776000863819078e-01
2.891153641324157864e-01
4.075862493410979948e-01
4.966844050055145843e-01
5.632972645948866042e-01
3.691213567431623765e-01
3.934939291494559122e-01
3.244195122774995443e-01
3.990281546748788433e-01
4.574243251631040508e-01
4.385151912905385085e-01
4.008816800548813397e-01
3.513138534256521339e-01
3.642670572539339346e-01
3.667278719166331413e-01
3.924741617532290228e-01
3.332820829105007654e-01
3.852320073575141723e-01
4.153912154174457250e-01
2.181584700888921091e-01
4.741582244735176310e-01
4.907402708575447914e-01
1.526574557448596714e-01
4.227763691852806094e-01
4.852184097038503285e-01
3.040456576079491047e-01
3.555655113727060890e-01
3.505492099312919052e-01
2.819405596439006345e-01
5.035689023367804218e-01
5.661657493739369329e-01
3.776062041808876391e-01
4.250875882007745243e-01
3.695432173303603296e-01
4.071957653327720195e-01
5.165341836562549194e-01
5.135959911673952938e-01
3.722352978839917892e-01
5.407127560020867918e-01
4.449663990007144410e-01
-9.063706724421796146e-01
-7.267893363984778698e-01
-8.514635366270119077e-01
-9.017081021921887762e-01
-6.472041481519957840e-01
-6.767408112572794732e-01
-6.865591352346445131e-01
-7.909681465276421353e-01
-7.785807904479129515e-01
-8.520708320759192711e-01
-9.066353353343575838e-01
-7.720663973434024330e-01
-8.066815294518618895e-01
-8.292676764959883151e-01
-7.471847637400714781e-01
-7.964966618002351506e-01
-7.364636871160383791e-01
-7.472520580179315974e-01
-6.634841322715796519e-01
-7.865007461875628270e-01
-7.922488277648701560e-01
-6.475713359025936366e-01
-7.217905651381175680e-01
-7.784538161756041630e-01
-6.599279332397620657e-01
-8.211021199981023422e-01
-7.048502344866971470e-01
-6.702677749554510900e-01
-8.572402370053129328e-01
-6.623939498628327316e-01
-6.136349191447041385e-01
-7.659704708424124320e-01
-7.576502615663793794e-01
-7.230217120626405425e-01
-7.673269802070532553e-01
-7.863045355326216956e-01
-7.539029487061182921e-01
-7.646793123218006416e-01
-8.718117710060626635e-01
-7.515066827933422067e-01
-6.664938797076458421e-01
-6.888820363902996569e-01
-7.322833946027715868e-01
-6.896845303710599229e-01
-6.552126601938230710e-01
-7.102075841760698838e-01
-6.639295341767446068e-01
-7.154503217229879475e-01
-8.463438965539125114e-01
-5.728799695399414693e-01
-5.423062350759322303e-01
-8.009995214573678579e-01
-6.925231949552337340e-01
-8.782454166966860987e-01
-5.767518123613084580e-01
-5.743409004961671505e-01
-7.584645885244997165e-01
-6.234903330022065759e-01
-6.527989635967954563e-01
-8.053581241988844175e-01
-7.179168379338818351e-01
-8.167269032406030416e-01
-8.606397387016418987e-01
-6.607384633720783107e-01
-7.804004001599069706e-01
-8.460804037581723946e-01
-6.892624737502222043e-01
-6.787001193457027348e-01
-6.343242899062992990e-01
-6.083491503175318948e-01
-6.768692729642666883e-01
-7.706982644976723140e-01
-6.870382485759123359e-01
-8.302482088704283836e-01
-7.628302001262686760e-01
-8.130222847431305411e-01
-6.194659624011140675e-01
-5.983993352381955511e-01
-6.668337530289820680e-01
-7.478670788282486548e-01
-7.981385894445037765e-01
-6.968167406815963805e-01
-6.354757824055536908e-01
-7.945001106619362652e-01
-6.962188571769044598e-01
-6.963036532795254807e-01
-8.338468108653418476e-01
-8.346810186065243276e-01
-7.152908462787275212e-01
-6.887415419658606819e-01
-6.628435649089299275e-01
-6.394961226448919733e-01
-6.550816916700780146e-01
-6.402846184048572864e-01
-7.921522944288672541e-01
-7.545101594862196892e-01
-7.729219101519868573e-01
-6.890355704145512128e-01
-6.721354048681010829e-01
-8.469202398584525504e-01
-7.065741702134009650e-01
-9.451836119236241007e-01
-6.094901676073603003e-01
-5.918404701225923326e-01
-7.034094114602016390e-01
-8.923120174364871371e-01
-8.150844652072521956e-01
-6.668172279925591583e-01
-7.781927163053390384e-01
-6.315183838983553510e-01
-6.979007733371842548e-01
-7.084513587159049219e-01
-7.637041475799953849e-01
-6.233749367063112778e-01
-8.657164625276091430e-01
-7.292396217276919668e-01
-7.172724396727145901e-01
-6.129446853158465602e-01
-7.473896977592990876e-01
-8.080021651439871500e-01
-7.542928158977624253e-01
-6.636789156228191100e-01
-7.399537292204888539e-01
-7.293036731774908965e-01
-8.400275147242433071e-01
-6.259609325771464672e-01
-7.303136291764807941e-01
-8.137522187881643942e-01
-8.469143639184419925e-01
-7.417073465815267053e-01
-8.199556564686587556e-01
-8.226964757083959912e-01
-6.562300366220712444e-01
-7.478023017596211464e-01
-7.762609109427676124e-01
-9.614065778614238056e-01
-6.722594924668239269e-01
-8.303662875306757618e-01
-7.441570818146927557e-01
-7.262567342041744700e-01
-7.822844200670703296e-01
-6.872944892345813628e-01
-6.904335102162169058e-01
-6.734232763231378094e-01
-7.367588990261655368e-01
-8.806078855687384799e-01
-6.935044903564802077e-01
-6.870897119897253491e-01
-7.568705663018430174e-01
-7.483630704362203012e-01
-8.067792462176577306e-01
-6.269721663019864888e-01
-7.568808815756716823e-01
-7.134339206261960387e-01
-6.938959635544200699e-01
-8.298042761908921428e-01
-7.446028258153889468e-01
-6.746550564269970796e-01
-7.947242358037904797e-01
-8.418819345553226752e-01
-7.617770013508053939e-01
-7.517835945119532015e-01
-6.659935317152441137e-01
-8.090046003446712541e-01
-6.918127258710384808e-01
-7.347856204667340130e-01
-6.849997006012378264e-01
-6.591828249576686671e-01
-8.049594015101562139e-01
-7.420831449941239777e-01
-7.417235978023145604e-01
-7.866760457848345212e-01
-7.527401093953418609e-01
-7.724137064787789386e-01
-6.748156612945006572e-01
-5.937728803368911290e-01
-6.788698152177911060e-01
-7.421061924857790260e-01
-7.235874183062516174e-01
-5.987474147006910385e-01
-6.835750713542345647e-01
-8.347102559993454518e-01
-8.872717371106267903e-01
-9.814175598994777650e-01
-6.608734588886565620e-01
-7.010975293667918162e-01
-7.805609302203911914e-01
-7.319860035524782260e-01
-7.656413640079490213e-01
-7.629652849897355926e-01
-8.071858016516956225e-01
-8.550721178997713334e-01
-7.853710280538195310e-01
-7.315564347138772128e-01
-7.480109652854191049e-01
-8.428370639055430269e-01
-7.406106532199616677e-01
-8.085764735094592703e-01
-7.399699219684188201e-01
-7.791620101642723339e-01
-6.895585820694156709e-01
-6.954215257408069562e-01
-8.656406443807059814e-01
-7.200237452723146081e-01
-6.666788460462398369e-01
-7.578211541637166482e-01
-8.392377729685049914e-01
-6.102704766795690183e-01
-7.943337499545456426e-01
-7.367997404055633970e-01
-9.098620870717076814e-01
-7.718880405541832523e-01
-7.851102149199858937e-01
-6.432921762312966418e-01
-8.198377809475387856e-01
-6.980364503578275759e-01
-7.115318126310448132e-01
-7.069041656897526726e-01
-7.968544322744628428e-01
-7.411419735490961669e-01
-6.336699667852263573e-01
-7.672190165540786477e-01
-7.419435725236884771e-01
-8.161573843074818591e-01
-5.837133061698880354e-01
-6.752906269954543905e-01
-8.092011985503874127e-01
-9.221991860521553397e-01
-7.078243424365309178e-01
-7.330230772795536254e-01
-9.034621664530313456e-01
-7.235458736758797471e-01
-6.759953056904703939e-01
-9.160444353225655201e-01
-8.016707146017703067e-01
-8.316281266741849532e-01
-6.029536757935436420e-01
-7.021080420445999781e-01
-7.883982385234244994e-01
-6.933379519568150240e-01
-7.689030780696528566e-01
-8.500578470980703072e-01
-6.449345733579110451e-01
-8.781130775150546297e-01
-7.003955018823426748e-01
-7.097710894700962614e-01
-6.527970433303242892e-01
-7.011337000173460954e-01
-8.393401159831093139e-01
-6.551164622856771036e-01
-6.170736651826818076e-01
-8.960758870666454268e-01
-7.698889537970748931e-01
-6.033603196081362974e-01
-6.152418079775958670e-01
-7.076002965303067604e-01
-7.188609483772645525e-01
-7.534848749042276639e-01
-6.520195045098755582e-01
-7.875401343877304061e-01
-8.836168997947406734e-01
-7.267630569593666046e-01
-5.571977835906150034e-01
-6.280554651825791534e-01
-6.929016479354671576e-01
-5.773382132926991872e-01
-7.722444794592768780e-01
-8.049009338619077525e-01
-7.042059355303091905e-01
-7.967650226298874649e-01
-7.489246012655076390e-01
-7.276076714414722035e-01
-6.869597213114204681e-01
-8.456747424389468026e-01
-7.305760416275431934e-01
-7.890636856795762988e-01
-6.869863324319990250e-01
-6.719523028536809051e-01
-7.321242253413163814e-01
-7.435719227286092803e-01
-7.875595871275329340e-01
-7.551318340283945663e-01
-8.334139085150016335e-01
-5.362161722663483232e-01
-7.235625129173294257e-01
-7.118147730743544788e-01
-8.195119574693355835e-01
-5.966827166922130665e-01
-7.192351585189484808e-01
-7.171160095874915541e-01
-7.157388868409011451e-01
-7.863335972937213203e-01
-7.637814553540362983e-01
-6.602969330395406233e-01
-5.300236569357681393e-01
-8.605690511494671346e-01
-6.788976018230946652e-01
-9.199655478002382036e-01
-6.331607678770789782e-01
-8.043443595718072769e-01
-7.015957058855968320e-01
-7.447051325829374679e-01
-7.176438983501820523e-01
-7.992505588948952688e-01
-7.490804585844006436e-01
-6.823684324548461300e-01
-7.465289602759563881e-01
-6.203252866015114275e-01
-6.094844958062772822e-01
-7.457887553549500392e-01
-7.724509301390525273e-01
-7.226039435078412954e-01
-7.500675242537447884e-01
-8.082962942909474036e-01
-5.620288711365177825e-01
-7.022231301601680187e-01
-6.407542608602339040e-01
-6.964352340790533891e-01
-8.499360287092091459e-01
-7.920290852085178912e-01
-8.557817012214539165e-01
-7.395108016138164375e-01
-7.818083241027984354e-01
-7.009382910671118072e-01
-6.690864662264364160e-01
-7.876618991460671015e-01
-9.199229188940024615e-01
-6.915419429708484778e-01
-7.807662743427739027e-01
-6.726080274938157633e-01
-6.528747622686745800e-01
-7.162852568239291839e-01
-7.133012491699302071e-01
-5.871235841483890550e-01
-6.974499237612985514e-01
-7.605253780514817930e-01
-7.449147601176688838e-01
-7.408549362857863585e-01
-6.017272080508555554e-01
-7.657801693050372283e-01
-6.867889059860751155e-01
-7.067864340389887756e-01
-7.906403674153172911e-01
-8.360844227158004127e-01
-7.470017655940960344e-01
-8.480875088653481164e-01
-8.493579833339577334e-01
-7.702861707646229128e-01
-7.852391629423246533e-01
-6.854916316894585915e-01
-6.920264292334905587e-01
-7.053719466456310760e-01
-8.675692913137849072e-01
-7.407066480121282659e-01
-7.604476648110299886e-01
-8.491471215491386282e-01
-7.417907441260874757e-01
-5.800351550068287843e-01
-5.537148864148686567e-01
-8.705692566547212907e-01
-8.897725803098844866e-01
-8.120026709282558430e-01
-7.297109111611566057e-01
-7.728843468455214305e-01
-7.822833606894181724e-01
-6.337016865831701651e-01
-6.941971710806423834e-01
-6.197507466397502718e-01
-6.324665548376811053e-01
-7.107452337025118583e-01
-7.247658728874684098e-01
-8.474289845407044774e-01
-6.860018806981977857e-01
-7.164246435314862715e-01
-7.011578719763106315e-01
-7.199726700871528218e-01
-8.197328254334268482e-01
-6.648745103786157795e-01
-6.711486262290377036e-01
-7.201201295185957196e-01
-7.133492732463154740e-01
-6.700726366962936886e-01
-6.374338256471330233e-01
-6.901287564502316396e-01
-7.716725645859964233e-01
-7.337103423578699157e-01
-6.366581736605267938e-01
-6.906916458552847526e-01
-7.639037034787216074e-01
-7.074786136047350737e-01
-6.426008065742900843e-01
-6.983362470509908437e-01
-7.829657690595231978e-01
-6.307377867640804325e-01
-9.052092369327549015e-01
-7.330256921117452862e-01
-7.901939590495612453e-01
-7.078913516980277487e-01
-7.044817400605876134e-01
-8.212738936886418983e-01
-8.246179030248620423e-01
-7.730910692732877454e-01
-8.020225743820253994e-01
-9.133576801718051863e-01
-7.363959722825763610e-01
-7.406708827116277316e-01
-7.566120844840611426e-01
-9.291146033809335458e-01
-8.138395214434529512e-01
-6.766883776116503491e-01
-8.025490102919644597e-01
-8.246450770060885782e-01
-7.208398624599913207e-01
-7.562499567405736034e-01
-8.683595235721648375e-01
-7.422867450383690002e-01
-6.346138404811961786e-01
-6.086318935353138837e-01
-6.992502612027340358e-01
-7.547973771295675149e-01
-6.902054764621927685e-01
-7.446968470258550354e-01
-7.011580688702128139e-01
-7.341282759856546658e-01
-6.962132123223325753e-01
-7.877774056538924263e-01
-8.446604439166003342e-01
-9.725011323659139562e-01
-7.907986072647701370e-01
-8.251613859114661498e-01
-7.252966913768870150e-01
-6.968373207388844914e-01
-8.119043334676063761e-01
-8.022532512339726196e-01
-7.708933083833128252e-01
-7.552325035295339717e-01
-7.029439070711245297e-01
-7.678298363325117837e-01
-7.804397252932799844e-01
-7.334586159717947362e-01
-7.204366150472698571e-01
-7.926662172112762805e-01
-7.727635906251512088e-01
-8.326740256589676425e-01
-7.911427180530304915e-01
-7.182697568672191668e-01
-7.402443713786002188e-01
-6.922670075394654621e-01
-7.264696737841984664e-01
-6.919353110921362404e-01
-7.407431773848250911e-01
-8.128255807312235737e-01
-7.403706341615294839e-01
-5.972378829821762825e-01
-6.993799524728139261e-01
-6.844817232812565599e-01
-7.331079420959968340e-01
-6.304542338855301242e-01
-7.784656066368326188e-01
-7.324436092527338849e-01
-7.566880071094794769e-01
-8.165284161237679195e-01
-6.126853054270609000e-01
-7.330375875450597656e-01
-6.842408813502665055e-01
-6.587811815357653700e-01
-8.609774844593440779e-01
-8.643074137079469477e-01
-6.158210627907785284e-01
-7.011134498097433276e-01
-6.641952347826124425e-01
-7.621586827339208448e-01
-6.836208189647110522e-01
-7.057020307167758411e-01
-8.220072386079844140e-01
-6.598069014412766276e-01
-6.049217180714171471e-01
-6.522719999469912544e-01
-6.802996062565839219e-01
-8.143501008109159667e-01
-7.956987102618257035e-01
-7.894350163297305656e-01
-7.527854426516810138e-01
-7.853124296285574069e-01
-7.377358377617088125e-01
-7.253167743076612828e-01
-7.660259105565827564e-01
-5.913304053356378542e-01
-8.123770775049684589e-01
-5.560641008108582195e-01
-7.496431610806775225e-01
-8.013023270321444347e-01
-7.728153915211758429e-01
-8.168906654871392892e-01
-9.049118171997767579e-01
-8.443817682551856274e-01
-5.954452254706714687e-01
-8.464556521098317576e-01
-7.844317300581968855e-01
-6.731295564042358848e-01
-7.538038401154441015e-01
-7.555300751155652472e-01
-8.006278689947767813e-01
-6.794047381200791769e-01
-7.161441638296136558e-01
-7.959025002077302346e-01
-6.592890603466819988e-01
-7.074209881438028313e-01
-6.464863138389367325e-01
-8.075647582772647048e-01
-7.924777194727539165e-01
-7.413121094747099349e-01
-6.965931139921991422e-01
-7.713479092808235293e-01
-7.517419954679176453e-01
-9.037458203787240851e-01
-8.063092707404425630e-01
-8.271363102020212743e-01
-7.469233882917833967e-01
-8.188818580811584313e-01
-7.965223578298428198e-01
-5.409688002529808859e-01
-8.499297041137323649e-01
-7.921915554442140461e-01
-1.000000000000000000e+00
-6.189044528092646491e-01
-9.118274877734835471e-01
-6.749369667658873251e-01
-7.487495996648725338e-01
-7.474939960288091712e-01
-6.044545822196440987e-01
-7.282056752727928961e-01
-8.248970415211358542e-01
-7.622480711432887412e-01
-7.315919431470424561e-01
-8.025215781873479282e-01
-8.269499246886358179e-01
-7.894505710724757375e-01
-7.014398264453318710e-01
-7.755663790012874426e-01
-7.325174762525508143e-01
-7.597579483333747330e-01
-8.033686450402454104e-01
-8.418379148047401284e-01
-7.230708208083873600e-01
-8.112458538562009602e-01
-7.519506549929733108e-01
-4.991157164530435342e-01
-8.796964071464630219e-01
-7.434471528964829989e-01
-7.596438837258803201e-01
-7.500614836529262419e-01
-7.278405163890824259e-01
-7.893693805292635313e-01
-7.600633310337316928e-01
-7.276126454002971311e-01
-7.292661957632580183e-01
-8.523995464082946283e-01
-7.254768240081876929e-01
-7.075339460832281713e-01
-5.873756080688793402e-01
-7.372275894825377485e-01
-8.227418232902170558e-01
-8.504401355114632466e-01
-7.717030975951655325e-01
-7.350775142347392155e-01
-6.860315580199083385e-01
-6.771805239965427159e-01
-7.062012433236874998e-01
-8.370521253382479099e-01
-6.300614773846355821e-01
-7.847431881992326108e-01
-6.592480592097775816e-01
-6.973338837759979203e-01
-7.515175269137088776e-01
-7.534043234007254952e-01
-8.103200015810573253e-01
-8.800553439197201788e-01
-7.635730701441830748e-01
-6.566494716203065130e-01
-7.650588658488337579e-01
-6.608806157503925860e-01
-6.820470946779204624e-01
-6.412266713305352361e-01
-7.563716270871891911e-01
-8.815861128050030970e-01
-8.012387820328972232e-01
-6.130547835172380777e-01
-7.108603129338988413e-01
-6.934360105156589515e-01
-6.538092527418477573e-01
-8.100901572043832655e-01
-7.699156086316277792e-01
-7.465571980235012894e-01
-7.169159631852735082e-01
-7.747023385401546891e-01
-7.014818593544900338e-01
-7.577394752604531547e-01
-7.792246128458923948e-01
-7.277298150455033809e-01
-7.094790959529029273e-01
-7.173609426272818945e-01
-7.586320224004348134e-01
-6.901266027057144647e-01
-8.837384228964211275e-01
-7.846167395141691037e-01
-5.561697323786621849e-01
-7.072334989744203382e-01
-8.118879847126253546e-01
-7.540480109416993759e-01
-6.861991734157855127e-01
-7.154371653983504498e-01
-8.122150480224032965e-01
-7.181724612805115981e-01
-7.463576765239022803e-01
-7.631835606810731809e-01
-5.763613620623158074e-01
-7.393184388301652366e-01
-7.421901732848239508e-01
-7.614449883055413038e-01
-7.089658472312976301e-01
-7.499665754449733601e-01
-7.384240636656527190e-01
-8.655705414699274014e-01
-6.124822246241443668e-01
-7.077104483962997072e-01
-8.558408018917313953e-01
-7.022810832030351724e-01
-7.564376352941956094e-01
-7.371945954861498507e-01
-8.452892710972541579e-01
-8.209049814681521617e-01
-7.023204133363762924e-01
-7.396520839965126104e-01
-7.551629942530725392e-01
-7.986191501196728826e-01
-7.891947882666091596e-01
-7.061533164538684737e-01
-1.161434584249523283e-01
-4.105941386275169247e-02
-4.319788546567060461e-02
1.464572944985764735e-02
1.186393142595851824e-01
1.101365786918158118e-01
7.759541632734756611e-02
3.351653482500083214e-02
3.479897191840586324e-02
-6.153134033315410534e-02
-7.272173662239422853e-02
7.863632921016794342e-02
-1.785384331550521342e-02
-5.377314480784189943e-02
2.514551614396509649e-03
2.089088001223404767e-02
8.321442037679305237e-02
1.052755898613273455e-01
-9.907281123705624637e-02
-4.100596219962193700e-02
3.414202801955790179e-02
1.053499871118233067e-01
-1.203752095114402065e-01
1.149973195054454500e-01
-4.643329640949844794e-02
1.468797494171634188e-01
7.077177935949308107e-02
8.319688606438102596e-02
1.853966592695699411e-02
-8.736220598908917001e-02
-5.004115398468789166e-03
1.621142470810155167e-02
-1.182598115532196292e-02
1.444053273821177541e-01
-2.037644558247964088e-02
7.824601305352163472e-02
-8.591668200960334012e-02
5.219697489631225373e-02
1.420284833890006482e-03
-1.363093887069988241e-02
6.319502015946709683e-02
9.367262925952579700e-02
4.259954716997982338e-02
-5.929951476628192442e-02
-7.244174508934386747e-02
4.497037168580897415e-02
4.192883981233563873e-02
1.400879076122119038e-02
9.939280992245702606e-02
1.969130256233260212e-01
1.198510376874706296e-02
-1.974660295521624143e-03
-3.934158058917514023e-02
8.905002970517017502e-02
-4.501357278454953814e-02
-2.059592978053981227e-02
5.330638987177871435e-02
-3.747494490948888313e-02
-8.925595650270456982e-02
-6.708997636571900625e-02
-4.066584769094028218e-02
9.125651649450805536e-02
-1.536805708669697346e-02
2.780362358640808829e-02
1.240258108385825508e-01
-1.271778948419433064e-02
1.355935920525896954e-01
-1.062076323679820300e-01
1.030946802200238821e-02
-1.279803032308857169e-02
4.169733733185543301e-02
5.081109766897040636e-02
1.324445222932535415e-01
7.460959273201561714e-03
-7.289635012549489090e-02
9.443257083443246103e-02
1.165114885366607123e-01
1.253463946425645847e-01
9.179084263364356566e-02
1.528930752480814892e-01
1.180024595955924127e-01
4.753977312554513723e-02
8.040088413703405656e-02
-5.395799951984270315e-02
-1.333182252125798550e-01
-8.846865717700269638e-02
-3.531249040648454240e-02
-2.279668440169257959e-02
-7.960791164149860766e-02
2.968542516268724007e-02
4.119122898386118337e-02
-7.868035413565788172e-02
2.653516300993241650e-02
-4.557321476980635833e-02
3.496502313402061191e-02
1.562207231540206909e-01
1.159370539398409949e-01
1.298670907428789434e-02
1.223662966226313209e-01
8.903121217558918055e-02
-4.031481376759205038e-02
6.866154721071504596e-02
1.039582313064253416e-01
8.328350082604329963e-02
-3.133856485537112047e-02
-5.016528062147651568e-02
1.317292265286078567e-01
1.590471445140098083e-01
1.048513767467031954e-01
4.780849034315459711e-02
-4.465352900751651255e-02
8.842311226934129742e-02
-6.397574525576632531e-02
2.032312634319040079e-01
2.085297141839381752e-02
1.812780643123845792e-01
1.319026699842840156e-01
-4.031847155884960010e-02
2.644140159383456812e-02
2.852771616504079510e-02
-1.954457615844895635e-02
1.624430755306538465e-02
1.473480001815590246e-01
-3.011995191724570198e-03
1.396146497089376659e-01
7.724632681009424573e-03
1.684502176993545319e-01
9.433964057218391375e-02
1.407955384266097454e-01
-4.996335516938121835e-03
1.258778860362608221e-01
1.142551435432568319e-01
1.109082882696730277e-01
-5.415673130335096896e-02
6.217836739935522772e-02
5.522364576105864842e-02
-3.219794329943492794e-02
6.474225185684567840e-02
1.447228449104145387e-01
3.683784957412195027e-02
-5.378972155529704313e-02
6.267553926126323560e-03
1.193644320643985068e-01
1.220671374555624134e-01
-1.140829764366784183e-01
8.506603996306916216e-02
4.241650687312992218e-02
3.136911341356762861e-02
1.311719893077212262e-03
1.360210454157433357e-01
6.824686153750358919e-02
2.788732127711135433e-03
-7.506290342277210925e-02
-9.253514097648740666e-02
1.624697070978959879e-01
-5.943351699980714553e-02
-1.326384656560779529e-01
9.341600851474174405e-02
1.003072677449359240e-01
-1.744267566578994177e-02
9.214068315168533196e-02
1.496320423389738696e-01
-5.838369813593313751e-04
5.122064724794417323e-02
-5.592579777863493362e-02
6.236223990085321134e-02
6.053522935399735516e-03
-1.266254896189901169e-01
-5.754408872372485106e-02
6.518935590575081207e-02
1.244103635327711288e-01
-1.198715159698244825e-01
5.411990213484507706e-02
2.097431448203546100e-01
2.201204769377995696e-02
-4.525577596828378457e-02
9.312195261874944840e-02
7.375241138305943522e-02
3.221323873185766296e-02
1.096242083859741978e-01
4.475186563597244316e-02
-9.713919371031920491e-02
5.067246785399870390e-02
1.300248528570127071e-01
4.134531694335685792e-02
7.452712188841470464e-03
3.850663449309355002e-02
1.606610172422680005e-01
-1.870094777281401388e-01
-5.246945290870352885e-02
-1.998057420309207188e-02
-5.470150832532205687e-02
8.725644709253077558e-02
7.980027576991077787e-02
2.389535252496721718e-02
-2.847183513575390901e-02
9.393575475475701708e-03
1.767967685756310914e-02
6.152798738390252709e-03
9.802548807708921785e-03
8.141915328355420201e-02
9.550481442030100965e-02
2.061845035040477114e-02
7.664267642284650073e-02
-1.444741067109112098e-02
4.578848074217289899e-02
2.073832806934143846e-01
1.011002362039790103e-01
7.884974945105249766e-02
-3.405092716119562102e-02
9.634903253876547780e-02
-1.125473498144169415e-02
-7.812415466670896702e-02
1.475848862116952986e-01
-5.989906369787134643e-03
4.525742514025377083e-02
-1.205600727731679367e-01
9.278850145107320202e-02
1.274838930662267611e-01
-1.091069742255075248e-01
9.186713000950263996e-02
8.406226470954591967e-02
1.134163715447826792e-01
1.105233114415611340e-01
8.470468603653702466e-02
-8.296475574673478626e-02
-1.097936812027912046e-01
1.567786454448816258e-02
4.590632707407316104e-02
9.821183318929849193e-02
-4.377806365183378734e-02
5.810005911801385814e-02
-8.037653480676532070e-03
1.721871555992482428e-02
9.497636882879278986e-02
2.434177816936531347e-01
3.539121623688501472e-02
6.221414986171680539e-02
-1.608775946237528398e-01
9.731857880989225329e-02
-8.078302135502102299e-01
-7.285017006872919199e-01
-8.023894117013026239e-01
-7.476185205182008797e-01
-6.564535342347891378e-01
-7.010047248200430570e-01
-6.641753412350132058e-01
-6.660239655052784258e-01
-6.232695726444106299e-01
-6.249666868756960092e-01
-8.540736601988661025e-01
-7.680044493467208522e-01
-7.204648991578017636e-01
-6.843297703270696530e-01
-6.882224668532038736e-01
-7.014125287268722087e-01
-7.166267726555741735e-01
-6.648258713745542892e-01
-7.413698855579573532e-01
-6.178484831888824136e-01
-8.442520159014845760e-01
-9.570887773527354536e-01
-8.512984397494945954e-01
-7.349812381665867811e-01
-8.021394133354498024e-01
-7.113886947112202375e-01
-6.592039214698498517e-01
-7.586185053974240367e-01
-7.489043181719711173e-01
-7.976536917552410344e-01
-7.480816261486011864e-01
-8.040144780828769600e-01
-7.685760566165666940e-01
-6.851035530656062189e-01
-7.068353758476845217e-01
-5.888938067234765761e-01
-6.214623367785911956e-01
-8.623145934420562986e-01
-6.611556338452941883e-01
-9.008573242461430652e-01
-5.904421082490366457e-01
-7.156644293025847814e-01
-7.776275588381563741e-01
-7.535955766596083016e-01
-7.606982781958986362e-01
-6.978233628559908919e-01
-6.993117338689067708e-01
-7.171400320760761282e-01
-7.479916492621405677e-01
-6.681875218681374573e-01
-6.587972078960996347e-01
-6.742766256799669344e-01
-6.869687941281703569e-01
-7.534724042495448693e-01
-6.061910936614391954e-01
-7.419385646729358408e-01
-7.902966781546644226e-01
-6.687429540099956160e-01
-7.429644441690644863e-01
-7.799194419421864310e-01
-7.714115680114399520e-01
-8.009738797253687093e-01
-7.834385467441983275e-01
-7.894267926035851701e-01
-7.318137909638184890e-01
-6.965859700095982099e-01
-7.010093050324601727e-01
-6.469557133603769383e-01
-7.981475566443647640e-01
-8.652220675676551842e-01
-7.994540453375885702e-01
-8.064516943528307058e-01
-7.775437758920509257e-01
-8.901416804146897732e-01
-6.107134747004676623e-01
-7.524554338195847958e-01
-8.297299988297393014e-01
-5.971683228828895684e-01
-7.766090174349230546e-01
-6.426295261254791891e-01
-7.728887490729616783e-01
-8.665013998520054717e-01
-8.153168979908651526e-01
-6.472954140769394682e-01
-6.398254163012044859e-01
-8.965080567906099640e-01
-6.075199301679286013e-01
-5.939992516585532734e-01
-7.337839729127735300e-01
-7.896377316390593704e-01
-6.541389912404859119e-01
-7.325152004981647647e-01
-7.041559058969681928e-01
-7.484848892411235521e-01
-7.940616086283287522e-01
-8.709796955491317938e-01
-7.310364410279660552e-01
-7.703241732719345869e-01
-7.573268315107737347e-01
-7.090579821468565580e-01
-7.141057492833691178e-01
-6.138288608559936410e-01
-7.141724670286230259e-01
-7.808641565811710317e-01
-7.286864155909675844e-01
-7.220189309795812527e-01
-6.658540243132804459e-01
-7.381980729988520951e-01
-6.495424457526000062e-01
-7.699684672889551829e-01
-6.802636253070222239e-01
-6.442112252901597280e-01
-6.606477818296226934e-01
-8.208347174366019683e-01
-7.840850890474326818e-01
-6.539918750750739473e-01
-6.129607218491587295e-01
-8.340308118769620416e-01
-6.766177709451055566e-01
-8.546830863613726903e-01
7.139508947875161660e-01
7.673727743945046864e-01
7.875030158705089711e-01
7.577582196806516013e-01
7.316545110452421508e-01
8.031767852855022927e-01
8.508449581046335641e-01
6.682657941712242256e-01
8.044476344277842195e-01
7.694644265098173896e-01
6.918771416401923169e-01
7.720761694195468205e-01
8.228114902688805632e-01
8.019413147204403902e-01
7.961717544737012542e-01
8.507206923089165596e-01
6.975653858370232108e-01
9.275245255538075995e-01
9.588515649513420502e-01
8.480772224588508656e-01
8.045748879910441520e-01
8.536059010842445005e-01
8.412556321897237677e-01
8.586727277458261476e-01
7.983645017018787815e-01
8.601351248473183553e-01
8.395987447996791087e-01
7.005159117832264748e-01
6.912286365951447742e-01
7.727475336783522497e-01
8.929024297718719527e-01
5.799617367184133343e-01
7.263676353065777747e-01
7.177117189473831704e-01
8.149609689056815931e-01
7.169479887955749753e-01
8.835321558282633880e-01
7.107124040575367729e-01
8.247524632489915408e-01
5.632641152616542080e-01
8.323010509692208014e-01
8.403312664824711398e-01
7.924168839358449734e-01
9.173472101878064056e-01
7.166632747198655728e-01
7.358198066835255347e-01
7.106785561893802505e-01
7.234859408730662800e-01
9.006978140507946318e-01
6.951954756287188619e-01
8.263392686003177001e-01
6.887247089238606179e-01
6.824190596776271711e-01
9.127716863891328636e-01
8.766327870653569665e-01
8.760363957916272870e-01
9.590108493505971055e-01
6.624201786297769790e-01
9.371869298622943489e-01
7.651481467608696185e-01
6.341540956868576551e-01
7.315792058393983943e-01
8.262686355178237019e-01
6.831026078534281343e-01
7.618840413838730008e-01
7.631308995489358704e-01
9.223258173151713812e-01
9.064820573001939330e-01
9.127623592580731415e-01
6.512766811245531695e-01
7.076040358510231609e-01
8.736582348997345981e-01
8.970528102258414904e-01
7.731514890469215473e-01
8.287425975534179479e-01
7.288506589190397733e-01
7.130964810171258605e-01
7.723185953569631224e-01
8.982075019819890649e-01
7.798721112887967433e-01
7.581673722635329238e-01
8.411921300402771529e-01
8.345707924168812575e-01
8.434566925855286890e-01
7.660610183447256194e-01
6.753120557950531566e-01
7.780114451489816840e-01
8.412894838052848989e-01
8.287686799754485634e-01
8.134049227960551409e-01
7.940749538423368392e-01
8.908669517907377156e-01
8.843692941329910351e-01
8.269911180967286501e-01
7.613631817147068492e-01
7.009335650653059080e-01
8.282068537290636634e-01
7.776122000341758600e-01
9.348622130644266282e-01
8.219925415702173943e-01
7.552325583129333442e-01
8.024541960804980611e-01
7.250178581802793065e-01
6.721641610933097866e-01
8.829425212407340240e-01
8.656926724792552985e-01
6.942966801307450808e-01
8.462182923235221921e-01
8.046318375702130599e-01
7.742081212425955261e-01
8.311335452807899760e-01
7.727470930700734986e-01
7.042554628006809647e-01
7.631409331221781223e-01
8.173288713549076157e-01
6.951783546713878881e-01
8.501072319451246084e-01
7.528090652692467355e-01
7.600661251741984703e-01
6.423559546761541394e-01
7.010215971521605027e-01
8.024072556387440436e-01
8.616610118671528262e-01
7.229810385515511584e-01
7.399235404840753816e-01
6.766821198249881597e-01
7.379104691905458147e-01
7.839569220484376988e-01
8.627484986609021966e-01
8.737566834095302770e-01
8.445711567493829897e-01
8.393716451898940445e-01
7.422992222945874463e-01
7.136240842034291543e-01
8.868533940557483675e-01
6.653518508263942532e-01
8.117905338590223341e-01
9.205269445604604694e-01
9.093064831604982245e-01
